10
369
2.816	-11.005	10.087
4.43	-10.545	10.011
3.476	-10.324	9.659
3.551	-10.478	8.633
3.109	-8.958	10.026
2.626	-8.831	11.539
2.411	-7.405	11.974
3.299	-6.926	12.673
1.309	-6.857	11.761
4.394	-8.189	9.828
5.488	-8.629	10.303
4.345	-7.141	9.063
3.525	-6.947	8.563
5.441	-6.163	8.921
5.188	-5.215	7.78
5.785	-5.258	10.085
4.962	-4.761	10.85
7.108	-5.038	10.202
7.776	-5.459	9.623
7.612	-4.315	11.357
8.919	-4.895	11.872
10.194	-4.619	11.136
11.1	-5.878	10.901
11.196	-6.25	9.773
11.689	-6.484	11.861
7.623	-2.907	10.93
7.364	-2.121	11.84
7.959	-2.521	9.712
8.385	-3.093	9.04
7.533	-1.147	9.163
8.497	-0.651	8.112
9.887	-1.187	8.172
10.165	-2.233	7.303
10.974	-0.663	8.915
11.424	-2.763	7.223
12.251	-1.242	8.794
12.448	-2.293	7.961
6.142	-1.228	8.53
5.8	-2.088	7.724
5.368	-0.226	8.88
5.694	0.54	9.397
3.975	-0.258	8.396
3.024	-0.16	9.589
3.354	-1.238	10.586
2.624	-2.511	10.118
2.88	-3.547	11.061
3.76	-3.976	11.123
1.929	-4.064	11.852
0.687	-3.508	11.952
0.491	-2.712	11.381
-0.057	-4.104	12.254
2.149	-5.188	12.495
3.109	-5.466	12.505
1.482	-5.666	13.068
4.027	0.967	7.493
4.108	2.174	7.919
4.096	0.553	6.273
3.965	-0.39	6.039
4.335	1.5	5.165
4.537	0.759	3.861
5.73	-0.159	3.959
6.753	0.192	3.199
7.64	-0.758	3.507
5.872	-1.31	4.628
7.096	-1.595	4.394
7.569	-2.367	4.77
3.125	2.431	5.022
1.895	2.074	5.046
3.605	3.697	5.027
4.564	3.816	4.866
2.701	4.815	4.931
3.446	6.078	5.463
2.421	7.176	5.589
1.288	6.99	6.052
2.793	8.323	5.298
2.31	5.089	3.478
1.214	4.811	3.086
3.238	5.493	2.639
4.101	5.75	3.026
2.861	6.095	1.32
3.218	7.568	1.391
2.472	8.372	2.355
2.821	8.158	3.223
3.636	5.432	0.162
3.141	5.537	-0.959
4.768	4.844	0.529
5.133	5.044	1.416
5.561	4.182	-0.51
6.982	4.021	-0.102
7.737	4.968	0.007
7.13	2.854	0.409
6.305	2.371	0.62
8.385	2.241	0.756
8.89	1.48	-0.517
7.952	0.309	-0.838
7.616	-0.573	0.163
6.609	-1.542	-0.073
7.397	0.276	-2.025
6.373	-0.654	-2.289
6	-1.558	-1.306
4.916	-2.436	-1.498
4.473	-2.332	-2.344
9.408	3.036	1.473
10.499	3.335	0.972
8.902	3.494	2.598
7.938	3.39	2.74
9.827	4.053	3.618
9.073	4.653	4.808
8.231	5.948	4.547
7.994	6.253	3.086
8.106	7.431	2.738
7.672	5.454	2.167
10.767	2.998	4.151
12.025	3.123	4.012
10.135	1.892	4.487
9.23	1.728	4.151
10.755	0.803	5.233
9.897	0.452	6.558
10.677	1.001	7.76
8.501	1.074	6.59
10.831	-0.438	4.32
10.1	-0.491	3.333
11.734	-1.424	4.595
12.321	-1.27	5.364
11.801	-2.651	3.836
13.073	-3.403	4.062
13.298	-4.59	3.139
12.328	-5.495	2.943
12.861	-6.339	2.114
14.427	-4.864	2.408
14.08	-5.987	1.803
14.582	-6.509	1.144
10.613	-3.553	3.974
10.151	-3.879	5.12
10.08	-4.011	2.915
10.372	-3.762	2.014
8.79	-4.748	2.999
7.79	-4.027	2.13
6.333	-4.456	2.218
5.519	-3.737	3.018
4.406	-4.403	2.884
5.759	-5.549	1.612
4.552	-5.457	2.11
3.849	-6.138	2.172
8.937	-6.223	2.687
9.589	-6.586	1.733
8.191	-7.162	3.277
7.579	-6.802	3.952
8.415	-8.547	2.958
7.72	-9.377	4.062
8.376	-9.299	5.48
7.348	-9.628	6.569
6.668	-8.788	7.053
7.171	-10.801	7.095
7.74	-11.598	7.089
6.277	-10.974	7.459
7.712	-8.751	1.598
8.227	-9.317	0.687
6.455	-8.3	1.58
6.13	-7.764	2.333
5.59	-8.518	0.44
4.132	-8.411	0.917
3.694	-9.318	2.112
4.532	-10.545	2.089
4.447	-11.155	3.401
3.882	-12.514	3.131
3.393	-12.852	3.985
4.513	-13.229	2.716
3.185	-12.288	2.392
5.802	-7.542	-0.716
6.679	-6.707	-0.67
4.954	-7.637	-1.745
4.366	-8.421	-1.768
4.854	-6.609	-2.801
5.094	-7.184	-4.243
5.099	-6.244	-5.399
6.335	-5.301	-5.448
5.193	-7.257	-6.593
3.494	-5.984	-2.708
2.44	-6.621	-2.92
3.451	-4.735	-2.358
4.264	-4.362	-1.958
2.213	-3.882	-2.544
1.812	-3.065	-1.291
1.259	-4.057	-0.353
2.954	-2.255	-0.732
2.207	-3.001	-3.874
2.982	-2.045	-3.962
1.231	-3.274	-4.748
0.598	-3.988	-4.526
1.137	-2.418	-5.911
1.017	-3.386	-7.08
2.199	-4.269	-7.337
1.973	-5.659	-7.403
3.422	-3.767	-7.571
2.997	-6.506	-7.674
4.429	-4.616	-7.995
4.193	-6.01	-8.066
0.007	-1.416	-6.107
-1.12	-1.837	-6.325
0.388	-0.124	-6.11
1.327	0.152	-6.068
-0.639	0.89	-6.337
-0.447	2.261	-5.579
-0.554	2.023	-4.029
-1.639	1.315	-3.513
0.355	2.577	-3.212
-1.715	1.179	-2.153
0.286	2.416	-1.879
-0.694	1.709	-1.29
-0.71	1.224	-7.859
0.057	1.996	-8.365
-1.527	0.531	-8.594
-1.943	-0.312	-8.318
-1.877	0.876	-10.005
-1.447	-0.279	-10.899
-3.374	0.774	-9.985
-3.984	-0.002	-9.211
-4.049	1.624	-10.803
-3.516	2.33	-11.226
-5.422	1.351	-11.136
-6.086	2.561	-11.797
-6.316	3.767	-10.94
-7.139	4.895	-11.561
-8.377	4.783	-11.509
-6.537	5.798	-12.16
-5.455	0.064	-12.009
-5.325	0.255	-13.182
-5.633	-1.155	-11.394
-5.685	-1.269	-10.423
-5.926	-2.333	-12.189
-4.795	-3.363	-12.146
-5.044	-4.684	-12.842
-5.24	-5.757	-12.254
-5.181	-4.635	-14.039
-7.19	-2.896	-11.624
-7.312	-3.226	-10.484
-8.069	-3.372	-12.504
-7.848	-3.39	-13.459
-9.37	-4.022	-12.068
-10.627	-3.457	-12.838
-11.128	-2.137	-12.374
-10.38	-3.43	-14.325
-9.436	-5.485	-11.911
-10.474	-6.144	-11.958
-8.23	-6.075	-11.907
-7.495	-5.427	-11.915
-8.112	-7.511	-11.767
-8.084	-8.177	-13.142
-8.584	-9.302	-13.259
-7.357	-7.447	-14.006
-7.083	-6.527	-13.809
-7.114	-8.002	-15.282
-7.223	-6.929	-16.364
-8.507	-6.425	-16.233
-9.013	-7.129	-15.821
-5.757	-8.732	-15.296
-5.654	-9.887	-15.666
-4.791	-7.974	-14.812
-4.987	-7.204	-14.238
-3.399	-8.375	-15.001
-2.643	-7.531	-15.992
-1.337	-8.163	-16.409
-0.286	-7.997	-15.783
-1.427	-8.938	-17.5
-2.287	-8.91	-17.97
-0.677	-9.544	-17.671
-2.915	-8.183	-13.548
-2.837	-9.167	-12.9
-2.808	-6.97	-13.002
-3.289	-6.232	-13.431
-2.034	-6.692	-11.798
-1.536	-5.236	-11.935
-1.034	-4.562	-13.25
0.083	-5.409	-13.873
0.295	-4.955	-15.298
1.026	-5.945	-16.031
0.601	-6.894	-16.022
2.022	-5.96	-15.732
0.966	-5.613	-17.014
-2.81	-6.978	-10.531
-2.332	-7.796	-9.714
-3.974	-6.414	-10.346
-4.34	-5.786	-11.004
-4.893	-6.699	-9.193
-5.394	-8.136	-9.018
-6.053	-8.432	-7.998
-5.055	-9	-9.967
-4.537	-8.57	-10.68
-5.221	-10.435	-9.822
-5.146	-11.124	-11.165
-4.276	-11.145	-8.858
-4.732	-11.991	-8.095
-2.997	-10.714	-8.83
-2.743	-9.93	-9.361
-2.013	-11.225	-7.864
-0.643	-11.474	-8.505
-0.597	-12.906	-8.908
-0.31	-10.421	-9.521
1.243	-10.427	-9.899
-1.776	-10.238	-6.684
-1.462	-10.743	-5.597
-1.799	-8.923	-6.866
-1.766	-8.607	-7.794
-1.663	-7.985	-5.783
-0.823	-6.728	-6.191
-0.833	-5.728	-5.12
0.616	-6.898	-6.579
1.433	-7.594	-5.486
-3.125	-7.616	-5.411
-3.846	-7.179	-6.316
-3.537	-7.613	-4.171
-2.9	-7.825	-3.457
-4.953	-7.221	-3.826
-5.177	-5.7	-3.834
-4.939	-5.026	-2.819
-5.45	-5.233	-4.984
-5.353	-5.748	-5.813
-5.717	-3.838	-5.156
-5.01	-3.302	-6.444
-3.476	-3.277	-6.37
-2.824	-2.947	-7.698
-3.029	-2.347	-5.281
-7.201	-3.702	-5.309
-7.858	-4.499	-5.872
-7.711	-2.574	-4.721
-7.109	-2.02	-4.183
-9.17	-2.34	-4.905
-9.787	-1.657	-3.688
-11.314	-1.863	-3.592
-12.21	-0.742	-2.407
-12.955	-2.03	-1.456
-9.626	-1.673	-6.217
-9.41	-0.476	-6.452
-10.382	-2.431	-7.037
-10.678	-3.31	-6.725
-10.921	-1.775	-8.212
-11.322	-2.883	-9.288
-11.816	-2.242	-10.618
-10.192	-3.834	-9.613
-12.133	-0.988	-7.71
-13.274	-1.527	-7.677
-11.93	0.263	-7.358
-11.031	0.631	-7.228
-12.981	1.024	-6.672
-12.28	1.992	-5.738
-12.741	3.142	-5.57
-11.187	1.505	-5.151
-10.959	0.56	-5.27
-10.36	2.225	-4.191
-9.378	2.995	-4.995
-9.382	4.186	-5.149
-8.489	2.139	-5.524
-8.436	1.226	-5.171
-7.392	2.591	-6.305
-6.171	1.764	-5.859
-5.892	2.151	-4.322
-6.275	0.169	-6.204
-7.6	2.757	-7.859
-7.262	3.829	-8.425
-8.381	1.776	-8.415
-8.825	1.194	-7.765
-8.655	1.708	-9.835
-8.773	0.252	-10.333
-8.711	0.37	-11.846
-7.633	-0.676	-9.859
-9.945	2.528	-9.941
-10.953	2.143	-9.351
-9.974	3.556	-10.61
3.719	-10.875	10.507
4.311	-10.316	9.038
3.476	-10.324	9.659
2.754	-10.816	9.094
3.109	-8.958	10.026
2.626	-8.831	11.539
2.411	-7.405	11.974
3.299	-6.926	12.673
1.309	-6.857	11.761
4.394	-8.189	9.828
5.488	-8.629	10.303
4.345	-7.141	9.063
3.525	-6.947	8.563
5.441	-6.163	8.921
5.188	-5.215	7.78
5.785	-5.258	10.085
4.962	-4.761	10.85
7.108	-5.038	10.202
7.776	-5.459	9.623
7.612	-4.315	11.357
8.919	-4.895	11.872
10.22	-4.3	11.428
10.406	-4.218	9.873
10.398	-3.123	9.403
10.54	-5.261	9.145
7.623	-2.907	10.93
7.364	-2.121	11.84
7.959	-2.521	9.712
8.385	-3.093	9.04
7.533	-1.147	9.163
8.497	-0.651	8.112
9.887	-1.187	8.172
10.165	-2.233	7.303
10.974	-0.663	8.915
11.424	-2.763	7.223
12.251	-1.242	8.794
12.448	-2.293	7.961
6.142	-1.228	8.53
5.8	-2.088	7.724
5.368	-0.226	8.88
5.694	0.54	9.397
3.975	-0.258	8.396
3.024	-0.16	9.589
3.354	-1.238	10.586
2.624	-2.511	10.118
2.88	-3.547	11.061
3.76	-3.976	11.123
1.929	-4.064	11.852
0.687	-3.508	11.952
0.491	-2.712	11.381
-0.057	-4.104	12.254
2.149	-5.188	12.495
3.109	-5.466	12.505
1.482	-5.666	13.068
4.027	0.967	7.493
4.108	2.174	7.919
4.096	0.553	6.273
3.965	-0.39	6.039
4.335	1.5	5.165
4.537	0.759	3.861
6.006	0.525	3.613
6.404	0.801	2.383
7.713	0.553	2.474
6.943	0.022	4.427
7.997	0.145	3.713
8.902	-0.087	4.013
3.125	2.431	5.022
1.895	2.074	5.046
3.605	3.697	5.027
4.564	3.816	4.866
2.701	4.815	4.931
3.446	6.078	5.463
2.5	6.789	6.396
1.798	6.195	7.225
2.522	8.029	6.375
2.31	5.089	3.478
1.214	4.811	3.086
3.238	5.493	2.639
4.101	5.75	3.026
2.861	6.095	1.32
3.218	7.568	1.391
2.472	8.372	2.355
2.821	8.158	3.223
3.636	5.432	0.162
3.141	5.537	-0.959
4.768	4.844	0.529
5.133	5.044	1.416
5.561	4.182	-0.51
6.982	4.021	-0.102
7.737	4.968	0.007
7.13	2.854	0.409
6.305	2.371	0.62
8.385	2.241	0.756
8.89	1.48	-0.517
7.952	0.309	-0.838
7.616	-0.573	0.163
6.609	-1.542	-0.073
7.397	0.276	-2.025
6.373	-0.654	-2.289
6	-1.558	-1.306
4.916	-2.436	-1.498
4.473	-2.332	-2.344
9.408	3.036	1.473
10.499	3.335	0.972
8.902	3.494	2.598
7.938	3.39	2.74
9.827	4.053	3.618
9.073	4.653	4.808
8.231	5.948	4.547
7.994	6.253	3.086
8.106	7.431	2.738
7.672	5.454	2.167
10.767	2.998	4.151
12.025	3.123	4.012
10.135	1.892	4.487
9.23	1.728	4.151
10.755	0.803	5.233
9.897	0.452	6.558
10.677	1.001	7.76
8.501	1.074	6.59
10.831	-0.438	4.32
10.1	-0.491	3.333
11.734	-1.424	4.595
12.321	-1.27	5.364
11.801	-2.651	3.836
13.073	-3.403	4.062
12.977	-4.91	3.883
12.517	-5.708	4.857
12.532	-6.888	4.318
13.255	-5.598	2.728
12.966	-6.837	3.087
12.98	-7.652	2.544
10.613	-3.553	3.974
10.151	-3.879	5.12
10.08	-4.011	2.915
10.372	-3.762	2.014
8.79	-4.748	2.999
7.79	-4.027	2.13
6.422	-4.666	1.941
5.489	-4.415	2.882
4.496	-5.127	2.426
6.038	-5.52	0.934
4.821	-5.785	1.334
4.23	-6.528	1.087
8.937	-6.223	2.687
9.589	-6.586	1.733
8.191	-7.162	3.277
7.579	-6.802	3.952
8.415	-8.547	2.958
7.72	-9.377	4.062
8.598	-9.705	5.314
7.714	-10.068	6.513
7.769	-9.483	7.542
6.867	-11.051	6.524
6.791	-11.837	5.945
6.101	-10.947	7.127
7.712	-8.751	1.598
8.227	-9.317	0.687
6.455	-8.3	1.58
6.13	-7.764	2.333
5.59	-8.518	0.44
4.132	-8.411	0.917
3.753	-9.132	2.251
4.964	-9.83	2.756
4.98	-9.685	4.198
5.502	-11	4.686
4.774	-11.455	5.275
6.445	-11.016	5.125
5.599	-11.514	3.786
5.802	-7.542	-0.716
6.679	-6.707	-0.67
4.954	-7.637	-1.745
4.366	-8.421	-1.768
4.854	-6.609	-2.801
5.094	-7.184	-4.243
5.099	-6.244	-5.399
6.335	-5.301	-5.448
5.193	-7.257	-6.593
3.494	-5.984	-2.708
2.44	-6.621	-2.92
3.451	-4.735	-2.358
4.264	-4.362	-1.958
2.213	-3.882	-2.544
1.812	-3.065	-1.291
1.259	-4.057	-0.353
2.954	-2.255	-0.732
2.207	-3.001	-3.874
2.982	-2.045	-3.962
1.231	-3.274	-4.748
0.598	-3.988	-4.526
1.137	-2.418	-5.911
1.017	-3.386	-7.08
2.199	-4.269	-7.337
1.973	-5.659	-7.403
3.422	-3.767	-7.571
2.997	-6.506	-7.674
4.429	-4.616	-7.995
4.193	-6.01	-8.066
0.007	-1.416	-6.107
-1.12	-1.837	-6.325
0.388	-0.124	-6.11
1.327	0.152	-6.068
-0.639	0.89	-6.337
-0.447	2.261	-5.579
-0.441	2.007	-4.028
0.111	0.838	-3.504
-1.06	2.891	-3.23
0.028	0.652	-2.151
-1.113	2.712	-1.899
-0.567	1.642	-1.294
-0.71	1.224	-7.859
0.057	1.996	-8.365
-1.527	0.531	-8.594
-1.943	-0.312	-8.318
-1.877	0.876	-10.005
-1.447	-0.279	-10.899
-3.374	0.774	-9.985
-3.984	-0.002	-9.211
-4.049	1.624	-10.803
-3.516	2.33	-11.226
-5.422	1.351	-11.136
-6.086	2.561	-11.797
-6.316	3.767	-10.94
-7.139	4.895	-11.561
-8.377	4.783	-11.509
-6.537	5.798	-12.16
-5.455	0.064	-12.009
-5.325	0.255	-13.182
-5.633	-1.155	-11.394
-5.685	-1.269	-10.423
-5.926	-2.333	-12.189
-4.795	-3.363	-12.146
-5.106	-4.745	-12.679
-5.246	-5.752	-11.97
-5.352	-4.816	-13.858
-7.19	-2.896	-11.624
-7.312	-3.226	-10.484
-8.069	-3.372	-12.504
-7.848	-3.39	-13.459
-9.37	-4.022	-12.068
-10.627	-3.457	-12.838
-11.128	-2.137	-12.374
-10.38	-3.43	-14.325
-9.436	-5.485	-11.911
-10.474	-6.144	-11.958
-8.23	-6.075	-11.907
-7.495	-5.427	-11.915
-8.112	-7.511	-11.767
-8.084	-8.177	-13.142
-8.584	-9.302	-13.259
-7.357	-7.447	-14.006
-7.083	-6.527	-13.809
-7.114	-8.002	-15.282
-7.223	-6.929	-16.364
-8.507	-6.425	-16.233
-9.013	-7.129	-15.821
-5.757	-8.732	-15.296
-5.654	-9.887	-15.666
-4.791	-7.974	-14.812
-4.987	-7.204	-14.238
-3.399	-8.375	-15.001
-2.643	-7.531	-15.992
-1.337	-8.163	-16.409
-0.286	-7.997	-15.783
-1.427	-8.938	-17.5
-2.287	-8.91	-17.97
-0.677	-9.544	-17.671
-2.915	-8.183	-13.548
-2.837	-9.167	-12.9
-2.808	-6.97	-13.002
-3.289	-6.232	-13.431
-2.034	-6.692	-11.798
-1.536	-5.236	-11.935
-1.034	-4.562	-13.25
0.083	-5.409	-13.873
0.295	-4.955	-15.298
1.026	-5.945	-16.031
0.601	-6.894	-16.022
2.022	-5.96	-15.732
0.966	-5.613	-17.014
-2.81	-6.978	-10.531
-2.332	-7.796	-9.714
-3.974	-6.414	-10.346
-4.34	-5.786	-11.004
-4.893	-6.699	-9.193
-5.394	-8.136	-9.018
-6.053	-8.432	-7.998
-5.055	-9	-9.967
-4.537	-8.57	-10.68
-5.221	-10.435	-9.822
-5.146	-11.124	-11.165
-4.276	-11.145	-8.858
-4.732	-11.991	-8.095
-2.997	-10.714	-8.83
-2.743	-9.93	-9.361
-2.013	-11.225	-7.864
-0.643	-11.474	-8.505
-0.615	-12.893	-8.952
-0.289	-10.395	-9.486
1.266	-10.412	-9.855
-1.776	-10.238	-6.684
-1.462	-10.743	-5.597
-1.799	-8.923	-6.866
-1.766	-8.607	-7.794
-1.663	-7.985	-5.783
-0.823	-6.728	-6.191
-0.833	-5.728	-5.12
0.616	-6.898	-6.579
1.433	-7.594	-5.486
-3.125	-7.616	-5.411
-3.846	-7.179	-6.316
-3.537	-7.613	-4.171
-2.9	-7.825	-3.457
-4.953	-7.221	-3.826
-5.177	-5.7	-3.834
-4.939	-5.026	-2.819
-5.45	-5.233	-4.984
-5.353	-5.748	-5.813
-5.717	-3.838	-5.156
-5.01	-3.302	-6.444
-3.903	-2.27	-6.185
-3.108	-1.928	-7.43
-4.481	-1.047	-5.537
-7.201	-3.702	-5.309
-7.858	-4.499	-5.872
-7.711	-2.574	-4.721
-7.109	-2.02	-4.183
-9.17	-2.34	-4.905
-9.787	-1.657	-3.688
-11.067	-0.864	-4.028
-11.649	0.331	-2.725
-13.275	-0.34	-2.567
-9.626	-1.673	-6.217
-9.41	-0.476	-6.452
-10.382	-2.431	-7.037
-10.678	-3.31	-6.725
-10.921	-1.775	-8.212
-11.322	-2.883	-9.288
-11.816	-2.242	-10.618
-10.192	-3.834	-9.613
-12.133	-0.988	-7.71
-13.274	-1.527	-7.677
-11.93	0.263	-7.358
-11.031	0.631	-7.228
-12.981	1.024	-6.672
-12.28	1.992	-5.738
-12.741	3.142	-5.57
-11.187	1.505	-5.151
-10.959	0.56	-5.27
-10.36	2.225	-4.191
-9.378	2.995	-4.995
-9.382	4.186	-5.149
-8.489	2.139	-5.524
-8.436	1.226	-5.171
-7.392	2.591	-6.305
-6.171	1.764	-5.859
-5.892	2.151	-4.322
-6.275	0.169	-6.204
-7.6	2.757	-7.859
-7.262	3.829	-8.425
-8.381	1.776	-8.415
-8.825	1.194	-7.765
-8.655	1.708	-9.835
-8.773	0.252	-10.333
-8.711	0.37	-11.846
-7.633	-0.676	-9.859
-9.945	2.528	-9.941
-10.953	2.143	-9.351
-9.974	3.556	-10.61
9.791	-10.894	-1.846
9.081	-11.576	-0.436
9.359	-10.699	-0.921
10.094	-10.314	-0.292
8.256	-9.831	-1.276
7.56	-9.522	-0.02
6.488	-8.489	-0.147
5.829	-8.523	-1.243
6.164	-7.701	0.746
8.843	-8.577	-2.003
9.331	-7.534	-1.537
8.826	-8.689	-3.387
8.904	-9.63	-3.649
9.098	-7.621	-4.373
9.661	-8.236	-5.728
7.895	-6.749	-4.733
7.996	-5.535	-4.842
6.79	-7.458	-4.932
6.841	-8.331	-5.373
5.559	-6.816	-4.768
4.492	-7.709	-5.403
4.34	-7.577	-6.927
5.659	-7.881	-7.623
6.059	-9.038	-7.725
6.302	-6.947	-8.004
5.075	-6.331	-3.384
4.27	-7.002	-2.687
5.475	-5.112	-3.041
5.734	-4.576	-3.82
5.027	-4.612	-1.763
6.046	-3.744	-0.919
7.354	-4.352	-0.713
8.38	-4.112	-1.64
7.642	-5.226	0.375
9.546	-4.772	-1.599
8.902	-5.884	0.414
9.8	-5.677	-0.595
3.779	-3.756	-1.763
3.616	-2.834	-2.54
2.877	-4.273	-0.845
3.106	-5.093	-0.36
1.551	-3.792	-0.53
1.009	-4.396	0.732
0.769	-5.886	0.597
0.916	-6.627	1.918
2.301	-6.729	2.336
2.444	-6.326	3.217
3.285	-7.345	1.677
3.032	-8.232	0.677
2.091	-8.416	0.394
3.79	-8.749	0.278
4.527	-7.081	2.041
4.625	-6.408	2.774
5.252	-7.572	1.558
1.591	-2.308	-0.753
0.579	-1.632	-0.985
2.756	-1.764	-0.918
3.515	-2.257	-1.291
3.04	-0.332	-1.093
2.676	0.404	0.256
2.686	1.895	0.223
2.27	2.463	-0.89
2.616	3.693	-0.686
3.252	2.74	1.116
3.104	3.899	0.507
3.327	4.76	0.918
4.503	0.05	-1.376
5.402	-0.78	-1.067
4.835	1.243	-1.906
4.114	1.906	-1.906
6.118	1.581	-2.483
5.961	2.583	-3.7
5.237	3.967	-3.644
5.158	4.524	-2.531
4.837	4.432	-4.705
7.191	2.003	-1.51
8.277	1.464	-1.387
6.697	2.953	-0.737
5.739	3.108	-0.877
7.383	3.446	0.473
7.225	4.941	0.709
7.572	5.622	-0.549
6.909	5.667	-1.243
7.077	2.714	1.713
5.917	2.448	1.884
8.047	2.424	2.58
8.99	2.591	2.37
7.786	1.737	3.807
6.939	2.542	4.786
7.467	3.218	5.653
5.598	2.454	4.727
5.224	2.022	3.932
4.683	3.092	5.636
3.806	4.095	4.899
4.346	5.445	4.56
5.261	6.107	5.291
5.695	7.271	4.805
3.937	5.88	3.313
4.331	7.118	2.861
5.243	7.817	3.632
5.615	9.029	3.135
6.289	9.42	3.694
3.839	2.145	6.478
2.99	1.512	5.921
4.076	2.149	7.777
4.761	2.78	8.082
3.217	1.375	8.748
3.748	1.411	10.249
4.611	2.62	10.701
3.798	3.889	10.939
3.336	4.127	12.043
3.585	4.63	10.009
1.719	1.796	8.72
0.789	1.024	8.945
1.496	3.127	8.499
2.281	3.666	8.734
0.179	3.663	8.135
0.129	5.163	8.12
0.021	5.628	9.521
1.119	5.941	7.238
-0.308	3.183	6.809
-1.475	2.9	6.63
0.627	3.083	5.913
1.594	3.111	6.067
0.193	2.74	4.486
0.866	3.667	3.492
0.226	5.018	3.291
-0.463	5.675	4.178
-0.634	6.853	3.626
0.443	5.732	2.146
-0.071	6.863	2.423
0.013	7.693	1.908
0.334	1.261	4.091
-0.252	0.878	3.1
1.231	0.497	4.811
1.731	0.958	5.516
1.383	-0.885	4.421
2.739	-1.403	4.867
4.07	-0.927	4.233
4.871	-1.718	3.61
5.901	-0.997	3.369
4.576	0.31	4.389
5.781	0.226	3.812
6.338	1.018	3.658
0.346	-1.778	4.948
-0.117	-2.641	4.16
-0.032	-1.754	6.217
0.462	-1.209	6.866
-1.115	-2.617	6.705
-0.901	-2.66	8.158
-1.78	-3.678	8.872
-1.868	-3.507	10.4
-1.282	-4.238	11.208
-2.546	-2.497	10.787
-2.924	-1.906	10.103
-2.78	-2.419	11.736
-2.435	-1.959	6.195
-3.331	-2.688	5.759
-2.658	-0.649	6.256
-1.887	-0.126	6.56
-4.035	-0.109	6.14
-4.164	1.075	7.124
-3.754	0.731	8.57
-4.185	1.938	9.351
-3.66	2.008	10.741
-4.692	2.734	11.527
-5.646	2.364	11.343
-4.85	3.707	11.195
-4.483	2.82	12.542
-4.625	0.246	4.772
-5.806	0.063	4.533
-3.738	0.485	3.775
-2.793	0.235	3.846
-4.141	0.878	2.408
-3.125	1.897	1.785
-3.403	3.441	1.608
-4.335	3.656	0.417
-3.876	4.007	3
-4.356	-0.312	1.456
-3.478	-1.191	1.434
-5.422	-0.331	0.694
-6.153	0.286	0.909
-5.585	-1.267	-0.442
-7.025	-1.827	-0.609
-7.087	-3.01	-1.549
-7.503	-2.367	0.686
-5.197	-0.459	-1.626
-5.781	0.558	-2.043
-4.075	-0.943	-2.128
-3.564	-1.581	-1.588
-3.463	-0.594	-3.407
-1.951	-0.623	-3.468
-1.192	0.367	-2.568
-0.287	1.16	-3.196
-1.391	0.425	-1.237
0.384	2.098	-2.454
-0.64	1.264	-0.433
0.23	2.126	-1.045
-3.741	-1.719	-4.431
-4.075	-2.862	-4.099
-3.658	-1.278	-5.712
-3.883	-0.344	-5.903
-3.671	-2.152	-6.809
-4.009	-1.351	-8.058
-4.876	-2.031	-9.128
-5.672	-1.211	-9.919
-4.95	-3.435	-9.252
-6.602	-1.826	-10.75
-5.881	-3.984	-10.162
-6.653	-3.171	-10.889
-2.341	-2.795	-7.047
-1.355	-2.131	-7.373
-2.391	-4.152	-6.915
-3.249	-4.493	-6.588
-1.235	-5.061	-7.202
-0.522	-5.54	-5.938
-1.604	-6.303	-8
-2.823	-6.655	-8.035
-0.569	-6.926	-8.557
0.337	-6.759	-8.221
-0.721	-8.031	-9.5
0.677	-8.342	-10.204
1.836	-8.987	-9.513
2.039	-8.422	-8.102
1.463	-8.926	-7.101
2.658	-7.421	-7.976
-1.384	-9.211	-8.825
-2.134	-9.933	-9.45
-1.094	-9.437	-7.53
-0.464	-8.879	-7.027
-1.669	-10.524	-6.778
-0.673	-11.032	-5.725
-0.374	-10.144	-4.523
-0.484	-10.548	-3.37
0.02	-8.996	-4.744
-2.95	-10.108	-6.107
-3.665	-11.025	-5.546
-3.299	-8.839	-6.175
-2.659	-8.187	-6.529
-4.749	-8.462	-5.888
-4.75	-7.034	-5.401
-6.087	-6.311	-5.282
-4.178	-6.916	-4.019
-5.512	-8.565	-7.244
-6.705	-8.892	-7.238
-4.921	-8.345	-8.406
-3.959	-8.161	-8.414
-5.649	-8.204	-9.604
-4.703	-7.667	-10.622
-3.815	-8.375	-11.129
-4.843	-6.397	-10.817
-5.441	-5.822	-10.293
-3.985	-5.776	-11.79
-4.765	-4.995	-12.732
-5.861	-5.696	-13.34
-5.479	-6.25	-14.024
-3.002	-4.793	-11.067
-3.277	-4.511	-9.888
-1.882	-4.566	-11.665
-1.726	-5	-12.53
-0.85	-3.809	-10.972
0.537	-4.352	-11.148
1.571	-3.526	-10.379
1.308	-2.366	-9.958
2.789	-4.005	-10.256
2.831	-4.919	-10.605
3.59	-3.541	-9.933
-0.864	-2.368	-11.451
-0.73	-2.112	-12.658
-1.006	-1.429	-10.497
-0.987	-1.79	-9.586
-0.941	0.054	-10.69
-2.382	0.614	-10.768
-3.012	0.755	-12.186
-4.514	1.029	-12.144
-5.059	1.658	-13.437
-6.169	0.931	-13.88
-5.882	0.279	-14.637
-6.806	1.574	-14.393
-6.594	0.388	-13.1
-0.084	0.743	-9.571
0.61	1.749	-9.782
-0.205	0.24	-8.339
-0.578	-0.666	-8.375
0.291	0.864	-7.177
-0.642	1.983	-6.698
-0.218	2.996	-6.17
-1.922	1.799	-6.788
-2.335	0.991	-7.16
-2.804	2.902	-6.433
-3.985	2.876	-7.343
-3.371	2.786	-4.981
-3.822	1.769	-4.478
-3.501	3.956	-4.42
-3.461	4.767	-4.968
-3.837	4.039	-3.054
-3.322	5.162	-2.175
-1.832	4.966	-1.939
-3.581	6.51	-2.956
-3.098	7.707	-2.173
-5.382	3.991	-2.961
-6.107	4.988	-3.015
-5.823	2.765	-2.789
-5.184	2.028	-2.694
-7.231	2.519	-2.638
-7.365	1.135	-3.196
-8.322	0.25	-2.619
-7.239	1.218	-4.791
-7.459	-0.164	-5.403
-7.908	2.741	-1.237
-8.875	3.543	-1.192
-7.466	2.077	-0.182
-6.522	1.825	-0.257
-8.251	1.86	0.997
-7.766	2.941	1.999
-6.895	2.692	2.797
-8.493	4.035	1.9
-9.228	3.97	1.255
-8.339	5.208	2.742
-9.09	6.358	2.106
-8.559	6.777	0.677
-9.406	7.981	0.191
-7.087	7.275	0.905
-8.717	5.04	4.193
-9.84	4.638	4.502
-7.693	5.214	5.063
-6.792	5.096	4.696
-7.903	5.263	6.507
-6.774	4.771	7.434
-6.735	3.269	7.447
-8.184	2.35	8.013
-8.458	1.373	6.551
-8.107	6.801	6.633
-7.239	7.689	6.55
-9.445	7.08	6.621
-10.097	6.462	6.228
-9.992	8.343	7.144
-11.354	8.924	6.551
-11.024	9.332	5.12
-12.381	7.807	6.382
-10.235	8.083	8.659
-10.9	7.147	9.023
-9.767	8.937	9.53
-9.116	9.617	9.26
-10.127	8.795	10.94
-9.047	7.882	11.551
-8.589	8.133	12.62
-8.751	6.755	10.95
-8.922	6.736	9.984
-8	5.666	11.574
-6.479	5.894	11.635
-6.087	6.587	12.603
-5.843	5.805	10.492
-6.307	5.291	9.799
-4.476	6.183	10.254
-4.001	5.56	8.913
-2.599	5.84	8.505
-4.328	4.054	8.86
-4.364	7.673	10.086
-3.477	8.302	10.631
-5.238	8.372	9.321
-6.16	8.113	9.116
-4.985	9.728	8.819
-5.617	9.607	7.329
-5.19	10.697	6.296
-5.191	8.256	6.782
-5.517	10.977	9.508
-6.613	10.87	10.07
-4.888	12.002	9.555
9.413	-11.332	-1.744
9.224	-11.231	-0.037
9.359	-10.699	-0.921
10.294	-10.261	-0.783
8.256	-9.831	-1.276
7.56	-9.522	-0.02
6.488	-8.489	-0.147
5.829	-8.523	-1.243
6.164	-7.701	0.746
8.843	-8.577	-2.003
9.331	-7.534	-1.537
8.826	-8.689	-3.387
8.904	-9.63	-3.649
9.098	-7.621	-4.373
9.661	-8.236	-5.728
7.895	-6.749	-4.733
7.996	-5.535	-4.842
6.79	-7.458	-4.932
6.841	-8.331	-5.373
5.559	-6.816	-4.768
4.492	-7.709	-5.403
4.34	-7.577	-6.927
5.659	-7.881	-7.623
6.059	-9.038	-7.725
6.302	-6.947	-8.004
5.075	-6.331	-3.384
4.27	-7.002	-2.687
5.475	-5.112	-3.041
5.734	-4.576	-3.82
5.027	-4.612	-1.763
6.046	-3.744	-0.919
7.354	-4.352	-0.713
8.38	-4.112	-1.64
7.642	-5.226	0.375
9.546	-4.772	-1.599
8.902	-5.884	0.414
9.8	-5.677	-0.595
3.779	-3.756	-1.763
3.616	-2.834	-2.54
2.877	-4.273	-0.845
3.106	-5.093	-0.36
1.551	-3.792	-0.53
1.009	-4.396	0.732
0.769	-5.886	0.597
0.916	-6.627	1.918
2.301	-6.729	2.336
2.444	-6.326	3.217
3.285	-7.345	1.677
3.032	-8.232	0.677
2.091	-8.416	0.394
3.79	-8.749	0.278
4.527	-7.081	2.041
4.625	-6.408	2.774
5.252	-7.572	1.558
1.591	-2.308	-0.753
0.579	-1.632	-0.985
2.756	-1.764	-0.918
3.515	-2.257	-1.291
3.04	-0.332	-1.093
2.676	0.404	0.256
2.686	1.895	0.223
2.27	2.463	-0.89
2.616	3.693	-0.686
3.252	2.74	1.116
3.104	3.899	0.507
3.327	4.76	0.918
4.503	0.05	-1.376
5.402	-0.78	-1.067
4.835	1.243	-1.906
4.114	1.906	-1.906
6.118	1.581	-2.483
5.961	2.583	-3.7
4.844	3.667	-3.84
4.314	4.079	-2.789
4.597	4.072	-4.97
7.191	2.003	-1.51
8.277	1.464	-1.387
6.697	2.953	-0.737
5.739	3.108	-0.877
7.383	3.446	0.473
7.225	4.941	0.709
7.572	5.622	-0.549
6.909	5.667	-1.243
7.077	2.714	1.713
5.917	2.448	1.884
8.047	2.424	2.58
8.99	2.591	2.37
7.786	1.737	3.807
6.939	2.542	4.786
7.467	3.218	5.653
5.598	2.454	4.727
5.224	2.022	3.932
4.683	3.092	5.636
3.806	4.095	4.899
4.434	5.242	4.178
4.758	6.442	4.692
5.489	7.251	3.923
4.911	4.805	2.956
5.595	5.676	2.141
5.895	6.926	2.655
6.588	7.746	1.817
6.807	8.565	2.266
3.839	2.145	6.478
2.99	1.512	5.921
4.076	2.149	7.777
4.761	2.78	8.082
3.217	1.375	8.748
3.748	1.411	10.249
4.376	2.727	10.781
4.172	2.933	12.279
4.993	2.513	13.077
3.165	3.481	12.662
1.719	1.796	8.72
0.789	1.024	8.945
1.496	3.127	8.499
2.281	3.666	8.734
0.179	3.663	8.135
0.129	5.163	8.12
0.021	5.628	9.521
1.119	5.941	7.238
-0.308	3.183	6.809
-1.475	2.9	6.63
0.627	3.083	5.913
1.594	3.111	6.067
0.193	2.74	4.486
0.866	3.667	3.492
0.235	3.761	2.125
-0.5	2.89	1.497
-0.865	3.522	0.407
0.407	4.921	1.423
-0.322	4.735	0.397
-0.578	5.4	-0.276
0.334	1.261	4.091
-0.252	0.878	3.1
1.231	0.497	4.811
1.731	0.958	5.516
1.383	-0.885	4.421
2.739	-1.403	4.867
4.07	-0.927	4.233
4.871	-1.718	3.61
5.901	-0.997	3.369
4.576	0.31	4.389
5.781	0.226	3.812
6.338	1.018	3.658
0.346	-1.778	4.948
-0.117	-2.641	4.16
-0.032	-1.754	6.217
0.462	-1.209	6.866
-1.115	-2.617	6.705
-0.901	-2.66	8.158
-0.509	-4.038	8.674
-0.538	-4.194	10.206
0.453	-4.015	10.925
-1.687	-4.441	10.705
-2.452	-4.495	10.096
-1.747	-4.699	11.649
-2.435	-1.959	6.195
-3.331	-2.688	5.759
-2.658	-0.649	6.256
-1.887	-0.126	6.56
-4.035	-0.109	6.14
-4.164	1.075	7.124
-3.754	0.731	8.57
-4.185	1.938	9.351
-3.66	2.008	10.741
-4.422	3.097	11.407
-5.429	2.855	11.507
-4.537	3.941	10.81
-4.002	3.441	12.293
-4.625	0.246	4.772
-5.806	0.063	4.533
-3.738	0.485	3.775
-2.793	0.235	3.846
-4.141	0.878	2.408
-3.125	1.897	1.785
-3.433	3.425	1.532
-4.319	3.566	0.296
-3.978	4.034	2.879
-4.356	-0.312	1.456
-3.478	-1.191	1.434
-5.422	-0.331	0.694
-6.153	0.286	0.909
-5.585	-1.267	-0.442
-7.025	-1.827	-0.609
-7.087	-3.01	-1.549
-7.503	-2.367	0.686
-5.197	-0.459	-1.626
-5.781	0.558	-2.043
-4.075	-0.943	-2.128
-3.564	-1.581	-1.588
-3.463	-0.594	-3.407
-1.951	-0.623	-3.468
-1.192	0.367	-2.568
-0.287	1.16	-3.196
-1.391	0.425	-1.237
0.384	2.098	-2.454
-0.64	1.264	-0.433
0.23	2.126	-1.045
-3.741	-1.719	-4.431
-4.075	-2.862	-4.099
-3.658	-1.278	-5.712
-3.883	-0.344	-5.903
-3.671	-2.152	-6.809
-4.009	-1.351	-8.058
-4.876	-2.031	-9.128
-5.672	-1.211	-9.919
-4.95	-3.435	-9.252
-6.602	-1.826	-10.75
-5.881	-3.984	-10.162
-6.653	-3.171	-10.889
-2.341	-2.795	-7.047
-1.355	-2.131	-7.373
-2.391	-4.152	-6.915
-3.249	-4.493	-6.588
-1.235	-5.061	-7.202
-0.522	-5.54	-5.938
-1.604	-6.303	-8
-2.823	-6.655	-8.035
-0.569	-6.926	-8.557
0.337	-6.759	-8.221
-0.721	-8.031	-9.5
0.677	-8.342	-10.204
1.836	-8.987	-9.513
2.039	-8.422	-8.102
1.463	-8.926	-7.101
2.658	-7.421	-7.976
-1.384	-9.211	-8.825
-2.134	-9.933	-9.45
-1.094	-9.437	-7.53
-0.464	-8.879	-7.027
-1.669	-10.524	-6.778
-0.673	-11.032	-5.725
-0.555	-10.268	-4.412
-0.673	-10.82	-3.323
-0.3	-9.062	-4.473
-2.95	-10.108	-6.107
-3.665	-11.025	-5.546
-3.299	-8.839	-6.175
-2.659	-8.187	-6.529
-4.749	-8.462	-5.888
-4.75	-7.034	-5.401
-6.087	-6.311	-5.282
-4.178	-6.916	-4.019
-5.512	-8.565	-7.244
-6.705	-8.892	-7.238
-4.921	-8.345	-8.406
-3.959	-8.161	-8.414
-5.649	-8.204	-9.604
-4.703	-7.667	-10.622
-3.815	-8.375	-11.129
-4.843	-6.397	-10.817
-5.441	-5.822	-10.293
-3.985	-5.776	-11.79
-4.765	-4.995	-12.732
-5.861	-5.696	-13.34
-5.479	-6.25	-14.024
-3.002	-4.793	-11.067
-3.277	-4.511	-9.888
-1.882	-4.566	-11.665
-1.726	-5	-12.53
-0.85	-3.809	-10.972
0.537	-4.352	-11.148
1.591	-3.243	-11.098
1.497	-2.295	-11.926
2.645	-3.326	-10.317
2.562	-4.096	-9.717
3.452	-2.771	-10.333
-0.864	-2.368	-11.451
-0.73	-2.112	-12.658
-1.006	-1.429	-10.497
-0.987	-1.79	-9.586
-0.941	0.054	-10.69
-2.382	0.614	-10.768
-3.436	-0.244	-11.529
-4.035	0.481	-12.733
-4.357	-0.451	-13.913
-3.324	-0.386	-14.855
-3.631	0.176	-15.674
-3.205	-1.326	-15.284
-2.47	0.043	-14.443
-0.084	0.743	-9.571
0.61	1.749	-9.782
-0.205	0.24	-8.339
-0.578	-0.666	-8.375
0.291	0.864	-7.177
-0.642	1.983	-6.698
-0.218	2.996	-6.17
-1.922	1.799	-6.788
-2.335	0.991	-7.16
-2.804	2.902	-6.433
-3.985	2.876	-7.343
-3.371	2.786	-4.981
-3.822	1.769	-4.478
-3.501	3.956	-4.42
-3.461	4.767	-4.968
-3.837	4.039	-3.054
-3.322	5.162	-2.175
-2.072	5.756	-2.807
-4.468	6.247	-2.1
-4.061	7.425	-1.249
-5.382	3.991	-2.961
-6.107	4.988	-3.015
-5.823	2.765	-2.789
-5.184	2.028	-2.694
-7.231	2.519	-2.638
-7.365	1.135	-3.196
-8.322	0.25	-2.619
-7.239	1.218	-4.791
-7.459	-0.164	-5.403
-7.908	2.741	-1.237
-8.875	3.543	-1.192
-7.466	2.077	-0.182
-6.522	1.825	-0.257
-8.251	1.86	0.997
-7.766	2.941	1.999
-6.895	2.692	2.797
-8.493	4.035	1.9
-9.228	3.97	1.255
-8.339	5.208	2.742
-9.09	6.358	2.106
-8.246	7.195	1.063
-9.145	8.345	0.541
-7.07	7.83	1.888
-8.717	5.04	4.193
-9.84	4.638	4.502
-7.693	5.214	5.063
-6.792	5.096	4.696
-7.903	5.263	6.507
-6.774	4.771	7.434
-6.206	3.481	6.915
-7.283	2.04	6.751
-7.041	1.731	5.016
-8.107	6.801	6.633
-7.239	7.689	6.55
-9.445	7.08	6.621
-10.097	6.462	6.228
-9.992	8.343	7.144
-11.354	8.924	6.551
-11.024	9.332	5.12
-12.381	7.807	6.382
-10.235	8.083	8.659
-10.9	7.147	9.023
-9.767	8.937	9.53
-9.116	9.617	9.26
-10.127	8.795	10.94
-9.047	7.882	11.551
-8.589	8.133	12.62
-8.751	6.755	10.95
-8.922	6.736	9.984
-8	5.666	11.574
-6.479	5.894	11.635
-6.087	6.587	12.603
-5.843	5.805	10.492
-6.307	5.291	9.799
-4.476	6.183	10.254
-4.001	5.56	8.913
-2.599	5.84	8.505
-4.328	4.054	8.86
-4.364	7.673	10.086
-3.477	8.302	10.631
-5.238	8.372	9.321
-6.16	8.113	9.116
-4.985	9.728	8.819
-5.617	9.607	7.329
-5.19	10.697	6.296
-5.191	8.256	6.782
-5.517	10.977	9.508
-6.613	10.87	10.07
-4.888	12.002	9.555
15.323	-1.237	4.967
14.991	0.467	4.909
14.932	-0.447	4.415
15.518	-0.43	3.557
13.519	-0.562	4.086
13.24	-1.959	3.67
11.805	-2.333	3.447
11.179	-1.784	2.539
11.217	-3.185	4.093
12.628	-0.346	5.307
12.788	-0.937	6.363
11.701	0.589	5.035
11.669	0.99	4.141
10.563	0.87	5.939
10.483	2.444	6.095
9.402	0.212	5.178
9.498	-0.023	3.956
8.248	-0.075	5.79
8.101	-0.081	6.758
7.073	-0.504	5.004
5.998	-0.869	5.948
6.367	-2.011	7.011
5.632	-1.78	8.299
4.551	-2.313	8.451
6.09	-1.01	9.175
6.418	0.568	4.106
6.189	1.729	4.473
6.036	0.145	2.894
6.344	-0.706	2.519
5.241	0.99	1.996
5.916	1.182	0.671
7.116	2.002	0.935
8.201	1.387	1.546
7.209	3.341	0.654
9.381	2.094	1.852
8.314	4.083	1.013
9.378	3.433	1.573
3.845	0.511	1.887
3.618	-0.674	1.547
2.899	1.401	2.35
3.027	2.373	2.324
1.525	0.99	2.534
1.11	0.875	3.927
1.825	-0.031	4.928
1.607	0.637	6.253
2.571	0.209	7.258
2.521	-0.687	7.652
3.434	1.041	7.761
3.183	2.322	7.914
2.269	2.698	7.771
3.878	2.948	8.267
4.569	0.488	8.147
4.688	-0.505	8.143
5.177	1.139	8.601
0.61	2.021	1.857
0.811	3.151	2.113
-0.202	1.586	0.914
-0.172	0.694	0.509
-1.167	2.533	0.278
-0.755	2.902	-1.051
-1.402	4.136	-1.64
-1.736	5.242	-0.991
-2.357	5.937	-1.889
-1.744	4.127	-2.889
-2.352	5.284	-3.037
-2.818	5.626	-3.828
-2.671	2.21	0.408
-3.01	1.179	-0.194
-3.504	2.953	1.133
-3.227	3.827	1.477
-4.881	2.574	1.429
-5.341	3.277	2.784
-6.629	2.679	3.455
-7.47	3.435	3.835
-6.746	1.451	3.534
-5.63	3.189	0.243
-6.005	4.346	0.224
-5.96	2.36	-0.691
-5.475	1.509	-0.746
-6.886	2.725	-1.709
-6.087	2.938	-2.97
-4.928	3.724	-2.767
-5.312	4.573	-2.537
-8.151	1.788	-1.706
-8.394	1.018	-2.711
-8.776	1.787	-0.546
-8.597	2.547	0.047
-9.751	0.757	-0.241
-9.072	-0.49	0.391
-9.472	-0.886	1.519
-8.135	-1.04	-0.275
-7.93	-0.743	-1.186
-7.146	-1.964	0.329
-7.075	-3.247	-0.454
-6.769	-4.53	0.363
-7.764	-5.407	0.487
-7.576	-6.59	1.151
-5.54	-4.86	0.901
-5.3	-5.98	1.626
-6.317	-6.894	1.679
-6.037	-8.2	2.082
-6.814	-8.709	2.325
-5.834	-1.255	0.42
-5.333	-0.765	-0.568
-5.337	-1.334	1.689
-5.923	-1.682	2.393
-4.108	-0.736	2.03
-3.981	-0.455	3.505
-2.87	0.594	3.75
-3.294	1.871	4.464
-3.871	1.811	5.554
-2.992	2.941	3.964
-3.073	-1.761	1.573
-2.886	-2.802	2.197
-2.567	-1.52	0.36
-2.7	-0.617	0.003
-1.773	-2.513	-0.336
-1.735	-2.295	-1.864
-0.778	-3.313	-2.47
-3.144	-2.342	-2.451
-0.413	-2.227	0.271
0.219	-1.214	-0.041
-0.008	-3.034	1.215
-0.598	-3.722	1.588
1.327	-2.947	1.787
1.334	-3.675	3.07
2.563	-3.461	3.944
3.707	-2.826	3.58
4.456	-2.827	4.65
2.68	-3.927	5.228
3.851	-3.488	5.573
4.144	-3.699	6.484
2.283	-3.46	0.723
2.311	-4.632	0.306
3.005	-2.449	0.198
2.879	-1.515	0.467
3.959	-2.695	-0.883
4.46	-1.42	-1.544
3.334	-0.587	-2.07
3.085	-0.391	-3.444
2.132	0.448	-3.47
2.427	0.17	-1.321
1.741	0.77	-2.255
0.946	1.316	-2.083
5.079	-3.725	-0.555
5.697	-4.185	-1.441
5.52	-3.943	0.702
5.423	-3.215	1.351
6.413	-4.988	1.006
7.09	-4.763	2.366
8.21	-3.694	2.554
7.864	-2.254	2.317
6.724	-1.8	2.371
8.871	-1.425	2.121
9.776	-1.623	2.439
8.645	-0.656	1.557
5.58	-6.253	1.107
5.986	-7.264	0.455
4.406	-6.231	1.814
3.841	-5.441	1.938
3.897	-7.511	2.279
3.882	-7.54	3.84
5.074	-7.122	4.676
4.696	-6.029	5.679
4.363	-6.651	6.944
4.317	-5.51	7.927
3.674	-4.778	7.562
5.264	-5.189	8.214
3.781	-5.814	8.764
2.586	-7.867	1.641
2.469	-8.991	1.204
1.59	-7.005	1.809
1.828	-6.14	2.202
0.294	-7.346	1.365
-0.719	-6.844	2.4
-0.942	-7.175	3.811
-2.03	-6.319	4.385
-1.303	-8.69	4.049
0.082	-6.889	-0.049
-0.802	-6.052	-0.281
0.849	-7.361	-1.042
1.503	-8.06	-0.831
0.735	-6.922	-2.417
1.994	-6.876	-3.354
1.836	-5.645	-4.291
3.309	-6.592	-2.598
-0.337	-7.72	-3.052
-0.101	-8.69	-3.871
-1.538	-7.273	-2.773
-1.547	-6.543	-2.12
-2.852	-7.75	-3.284
-3.785	-8.423	-2.199
-3.032	-9.417	-1.282
-2.185	-8.923	-0.273
-3.079	-10.775	-1.504
-1.405	-9.801	0.442
-2.33	-11.653	-0.748
-1.498	-11.145	0.223
-3.619	-6.574	-3.744
-3.444	-5.501	-3.209
-4.607	-6.763	-4.557
-5.117	-7.596	-4.63
-5.226	-5.672	-5.277
-4.967	-5.828	-6.777
-3.554	-5.531	-7.201
-3.085	-6.032	-8.419
-2.679	-4.841	-6.375
-1.793	-5.788	-8.867
-1.373	-4.636	-6.814
-0.909	-5.038	-8.079
-6.674	-5.426	-4.954
-7.387	-6.391	-4.658
-7.108	-4.208	-4.951
-6.493	-3.48	-5.184
-8.534	-3.933	-4.762
-8.65	-2.532	-4.222
-9.435	-4.121	-5.906
-10.469	-4.867	-5.858
-9.153	-3.471	-7.044
-8.56	-2.702	-6.918
-9.797	-3.706	-8.261
-9.563	-2.454	-9.159
-10.31	-1.181	-8.758
-9.562	0.1	-8.39
-9.222	0.91	-9.233
-9.328	0.352	-7.197
-9.023	-4.918	-8.817
-9.683	-5.964	-8.742
-7.886	-4.74	-9.473
-7.283	-3.975	-9.363
-7.406	-5.859	-10.246
-8.069	-5.957	-11.615
-7.38	-6.949	-12.607
-6.82	-6.517	-13.657
-7.293	-8.134	-12.298
-5.915	-5.679	-10.325
-5.493	-4.577	-10.484
-5.234	-6.83	-10.314
-5.891	-7.556	-10.264
-3.826	-6.956	-10.399
-3.316	-8.392	-10.099
-3.732	-8.809	-8.717
-3.691	-9.474	-11.196
-3.086	-6.421	-11.588
-2.006	-5.84	-11.541
-3.694	-6.575	-12.812
-4.419	-7.23	-12.895
-3.336	-5.885	-14.013
-3.428	-4.342	-13.865
-2.385	-3.704	-13.928
-4.619	-3.813	-13.768
-5.384	-4.426	-13.792
-4.869	-2.389	-13.68
-5.434	-1.927	-15.024
-4.557	-2.242	-16.082
-4.998	-2.731	-16.781
-5.7	-1.906	-12.459
-6.929	-1.601	-12.601
-5.11	-1.664	-11.312
-4.134	-1.719	-11.263
-5.771	-1.24	-10.1
-4.896	-1.491	-8.846
-5.7	-1.309	-7.549
-6.757	-1.898	-7.308
-5.184	-0.373	-6.747
-4.33	0.035	-6.996
-5.777	-0.167	-5.995
-6.018	0.263	-10.252
-5.067	0.955	-10.521
-7.221	0.757	-10.191
-7.945	0.146	-9.939
-7.609	2.097	-10.488
-9.073	2.1	-10.926
-9.481	1.324	-12.239
-10.86	1.852	-12.551
-11.069	2.462	-13.959
-10.68	3.859	-14.012
-9.675	3.811	-13.751
-11.207	4.446	-13.333
-10.745	4.205	-14.99
-7.359	3.06	-9.322
-7.289	4.253	-9.587
-7.193	2.616	-8.082
-7.332	1.671	-7.864
-6.716	3.451	-7.017
-5.191	3.615	-7.294
-4.454	2.664	-7.45
-4.644	4.851	-7.36
-5.349	5.53	-7.315
-3.257	5.161	-7.438
-3.245	6.592	-7.81
-2.605	4.885	-6.126
-2.678	5.703	-5.198
-1.893	3.825	-6.01
-1.863	3.134	-6.704
-1.292	3.46	-4.717
-1.223	1.85	-4.637
-2.637	1.442	-4.149
-0.602	1.15	-5.745
-0.076	-0.298	-5.522
0.11	4.087	-4.623
1.063	3.682	-5.206
0.158	5.249	-3.997
-0.657	5.679	-3.663
1.444	5.868	-3.74
1.237	7.384	-3.749
0.695	7.699	-5.169
0.346	7.99	-2.68
0.518	9.463	-2.4
2.11	5.389	-2.477
1.539	4.78	-1.584
3.412	5.588	-2.482
3.863	5.859	-3.31
4.326	5.295	-1.374
3.99	6.267	-0.248
4.606	7.253	-0.03
2.893	5.969	0.466
2.429	5.126	0.281
2.512	6.739	1.661
1.076	7.247	1.446
0.629	8.448	2.312
1.451	9.694	1.988
-0.789	8.84	2.123
2.505	5.81	2.861
2.164	4.639	2.779
3.043	6.233	4.068
3.975	6.532	4.048
2.366	6.081	5.288
3.573	5.616	6.112
4.776	6.508	6.481
5.965	6.628	5.021
7.517	6.307	5.874
1.587	7.155	6.073
1.028	7.975	5.27
1.513	7.157	7.356
1.236	6.267	7.659
1.468	8.343	8.211
0.102	8.324	8.974
-1.099	8.645	7.972
-0.093	7.03	9.684
2.608	8.809	9.03
3.293	7.954	9.671
2.887	10.084	9.004
2.197	10.634	8.578
4.154	10.661	9.479
4.53	10.274	10.894
4.969	11.104	11.644
4.508	9.016	11.317
3.952	8.333	10.885
5.307	8.625	12.416
6.473	7.725	11.94
6.417	6.585	12.272
7.412	8.1	11.08
7.859	8.965	11.19
8.012	7.216	10.123
8.473	7.255	8.665
7.246	7.547	7.783
9.562	8.325	8.475
9.054	6.633	10.962
9.843	5.828	10.48
9.177	7.095	12.207
8.317	7.318	12.622
10.393	6.934	13.016
9.964	8.087	13.999
11.284	8.694	14.68
9.3	9.206	13.28
10.838	5.697	13.819
10.079	5.107	14.529
12.035	5.387	13.623
15.306	-1.201	5.025
15.004	0.499	4.842
14.932	-0.447	4.415
15.523	-0.502	3.562
13.519	-0.562	4.086
13.24	-1.959	3.67
11.805	-2.333	3.447
11.179	-1.784	2.539
11.217	-3.185	4.093
12.628	-0.346	5.307
12.788	-0.937	6.363
11.701	0.589	5.035
11.669	0.99	4.141
10.563	0.87	5.939
10.483	2.444	6.095
9.402	0.212	5.178
9.498	-0.023	3.956
8.248	-0.075	5.79
8.101	-0.081	6.758
7.073	-0.504	5.004
5.998	-0.869	5.948
6.367	-2.011	7.011
5.632	-1.78	8.299
4.551	-2.313	8.451
6.09	-1.01	9.175
6.418	0.568	4.106
6.189	1.729	4.473
6.036	0.145	2.894
6.344	-0.706	2.519
5.241	0.99	1.996
5.916	1.182	0.671
7.254	1.733	0.967
8.191	0.883	1.539
7.619	3.036	0.744
9.491	1.32	1.865
8.852	3.52	1.126
9.761	2.642	1.646
3.845	0.511	1.887
3.618	-0.674	1.547
2.899	1.401	2.35
3.027	2.373	2.324
1.525	0.99	2.534
1.11	0.875	3.927
1.825	-0.031	4.928
1.607	0.637	6.253
2.571	0.209	7.258
2.521	-0.687	7.652
3.434	1.041	7.761
3.183	2.322	7.914
2.269	2.698	7.771
3.878	2.948	8.267
4.569	0.488	8.147
4.688	-0.505	8.143
5.177	1.139	8.601
0.61	2.021	1.857
0.811	3.151	2.113
-0.202	1.586	0.914
-0.172	0.694	0.509
-1.167	2.533	0.278
-0.755	2.902	-1.051
-1.402	4.136	-1.64
-1.736	5.242	-0.991
-2.357	5.937	-1.889
-1.744	4.127	-2.889
-2.352	5.284	-3.037
-2.818	5.626	-3.828
-2.671	2.21	0.408
-3.01	1.179	-0.194
-3.504	2.953	1.133
-3.227	3.827	1.477
-4.881	2.574	1.429
-5.341	3.277	2.784
-6.826	3.006	3.219
-7.489	3.933	3.57
-7.268	1.854	3.148
-5.63	3.189	0.243
-6.005	4.346	0.224
-5.96	2.36	-0.691
-5.475	1.509	-0.746
-6.886	2.725	-1.709
-6.087	2.938	-2.97
-4.928	3.724	-2.767
-5.312	4.573	-2.537
-8.151	1.788	-1.706
-8.394	1.018	-2.711
-8.776	1.787	-0.546
-8.597	2.547	0.047
-9.751	0.757	-0.241
-9.072	-0.49	0.391
-9.472	-0.886	1.519
-8.135	-1.04	-0.275
-7.93	-0.743	-1.186
-7.146	-1.964	0.329
-7.075	-3.247	-0.454
-5.927	-4.218	-0.071
-6.251	-5.277	0.67
-5.307	-6.213	1.003
-4.623	-4.106	-0.512
-3.625	-4.957	-0.167
-3.997	-6.07	0.536
-3.118	-7.151	0.612
-3.334	-7.782	1.302
-5.834	-1.255	0.42
-5.333	-0.765	-0.568
-5.337	-1.334	1.689
-5.923	-1.682	2.393
-4.108	-0.736	2.03
-3.981	-0.455	3.505
-3.229	0.879	3.727
-3.834	1.833	4.748
-4.068	1.446	5.897
-4.019	2.992	4.419
-3.073	-1.761	1.573
-2.886	-2.802	2.197
-2.567	-1.52	0.36
-2.7	-0.617	0.003
-1.773	-2.513	-0.336
-1.735	-2.295	-1.864
-0.778	-3.313	-2.47
-3.144	-2.342	-2.451
-0.413	-2.227	0.271
0.219	-1.214	-0.041
-0.008	-3.034	1.215
-0.598	-3.722	1.588
1.327	-2.947	1.787
1.334	-3.675	3.07
2.68	-3.749	3.78
3.891	-3.461	3.238
4.747	-3.604	4.214
2.839	-4.161	5.078
4.118	-4.031	5.252
4.462	-4.264	6.139
2.283	-3.46	0.723
2.311	-4.632	0.306
3.005	-2.449	0.198
2.879	-1.515	0.467
3.959	-2.695	-0.883
4.46	-1.42	-1.544
3.347	-0.651	-2.183
2.955	-0.825	-3.526
2.07	0.067	-3.71
2.592	0.377	-1.609
1.848	0.757	-2.611
1.121	1.409	-2.535
5.079	-3.725	-0.555
5.697	-4.185	-1.441
5.52	-3.943	0.702
5.423	-3.215	1.351
6.413	-4.988	1.006
7.09	-4.763	2.366
8.21	-3.694	2.554
7.864	-2.254	2.317
6.724	-1.8	2.371
8.871	-1.425	2.121
9.776	-1.623	2.439
8.645	-0.656	1.557
5.58	-6.253	1.107
5.986	-7.264	0.455
4.406	-6.231	1.814
3.841	-5.441	1.938
3.897	-7.511	2.279
3.882	-7.54	3.84
5.106	-7.224	4.674
4.846	-6.054	5.626
4.578	-6.578	6.949
5.484	-5.79	7.86
5.079	-4.841	7.996
6.481	-5.827	7.565
5.389	-6.162	8.826
2.586	-7.867	1.641
2.469	-8.991	1.204
1.59	-7.005	1.809
1.828	-6.14	2.202
0.294	-7.346	1.365
-0.719	-6.844	2.4
-0.983	-7.22	3.792
-2.048	-6.344	4.379
-1.409	-8.727	3.964
0.082	-6.889	-0.049
-0.802	-6.052	-0.281
0.849	-7.361	-1.042
1.503	-8.06	-0.831
0.735	-6.922	-2.417
1.994	-6.876	-3.354
1.836	-5.645	-4.291
3.309	-6.592	-2.598
-0.337	-7.72	-3.052
-0.101	-8.69	-3.871
-1.538	-7.273	-2.773
-1.547	-6.543	-2.12
-2.852	-7.75	-3.284
-3.785	-8.423	-2.199
-2.997	-9.04	-1.018
-1.847	-8.352	-0.59
-3.32	-10.234	-0.414
-1.059	-8.903	0.393
-2.551	-10.755	0.606
-1.423	-10.071	0.997
-3.619	-6.574	-3.744
-3.444	-5.501	-3.209
-4.607	-6.763	-4.557
-5.117	-7.596	-4.63
-5.226	-5.672	-5.277
-4.967	-5.828	-6.777
-3.554	-5.531	-7.201
-3.085	-6.032	-8.419
-2.679	-4.841	-6.375
-1.793	-5.788	-8.867
-1.373	-4.636	-6.814
-0.909	-5.038	-8.079
-6.674	-5.426	-4.954
-7.387	-6.391	-4.658
-7.108	-4.208	-4.951
-6.493	-3.48	-5.184
-8.534	-3.933	-4.762
-8.65	-2.532	-4.222
-9.435	-4.121	-5.906
-10.469	-4.867	-5.858
-9.153	-3.471	-7.044
-8.56	-2.702	-6.918
-9.797	-3.706	-8.261
-9.563	-2.454	-9.159
-10.31	-1.181	-8.758
-9.562	0.1	-8.39
-9.222	0.91	-9.233
-9.328	0.352	-7.197
-9.023	-4.918	-8.817
-9.683	-5.964	-8.742
-7.886	-4.74	-9.473
-7.283	-3.975	-9.363
-7.406	-5.859	-10.246
-8.069	-5.957	-11.615
-8.444	-7.408	-12.059
-7.865	-7.943	-13.049
-9.224	-8.058	-11.368
-5.915	-5.679	-10.325
-5.493	-4.577	-10.484
-5.234	-6.83	-10.314
-5.891	-7.556	-10.264
-3.826	-6.956	-10.399
-3.316	-8.392	-10.099
-3.732	-8.809	-8.717
-3.691	-9.474	-11.196
-3.086	-6.421	-11.588
-2.006	-5.84	-11.541
-3.694	-6.575	-12.812
-4.419	-7.23	-12.895
-3.336	-5.885	-14.013
-3.428	-4.342	-13.865
-2.385	-3.704	-13.928
-4.619	-3.813	-13.768
-5.384	-4.426	-13.792
-4.869	-2.389	-13.68
-5.434	-1.927	-15.024
-4.557	-2.242	-16.082
-4.998	-2.731	-16.781
-5.7	-1.906	-12.459
-6.929	-1.601	-12.601
-5.11	-1.664	-11.312
-4.134	-1.719	-11.263
-5.771	-1.24	-10.1
-4.896	-1.491	-8.846
-5.545	-0.914	-7.578
-6.74	-1.071	-7.314
-4.738	-0.116	-6.872
-3.796	-0.059	-7.131
-5.224	0.373	-6.176
-6.018	0.263	-10.252
-5.067	0.955	-10.521
-7.221	0.757	-10.191
-7.945	0.146	-9.939
-7.609	2.097	-10.488
-9.073	2.1	-10.926
-9.481	1.324	-12.239
-10.606	2.154	-12.808
-11.386	1.544	-13.999
-10.743	1.819	-15.271
-9.776	1.48	-15.099
-10.739	2.834	-15.505
-11.167	1.229	-16.014
-7.359	3.06	-9.322
-7.289	4.253	-9.587
-7.193	2.616	-8.082
-7.332	1.671	-7.864
-6.716	3.451	-7.017
-5.191	3.615	-7.294
-4.454	2.664	-7.45
-4.644	4.851	-7.36
-5.349	5.53	-7.315
-3.257	5.161	-7.438
-3.245	6.592	-7.81
-2.605	4.885	-6.126
-2.678	5.703	-5.198
-1.893	3.825	-6.01
-1.863	3.134	-6.704
-1.292	3.46	-4.717
-1.223	1.85	-4.637
-2.707	1.41	-4.731
-0.211	1.182	-5.433
0.222	-0.261	-5.044
0.11	4.087	-4.623
1.063	3.682	-5.206
0.158	5.249	-3.997
-0.657	5.679	-3.663
1.444	5.868	-3.74
1.237	7.384	-3.749
2.104	7.893	-4.932
-0.183	7.911	-3.85
-0.421	9.329	-3.391
2.11	5.389	-2.477
1.539	4.78	-1.584
3.412	5.588	-2.482
3.863	5.859	-3.31
4.326	5.295	-1.374
3.99	6.267	-0.248
4.606	7.253	-0.03
2.893	5.969	0.466
2.429	5.126	0.281
2.512	6.739	1.661
1.076	7.247	1.446
0.796	8.718	1.834
1.6	9.678	0.959
-0.622	9.127	1.685
2.505	5.81	2.861
2.164	4.639	2.779
3.043	6.233	4.068
3.924	5.81	4.123
2.47	6.843	5.195
3.041	5.875	6.239
4.534	5.771	6.61
5.452	4.741	5.323
6.373	3.648	6.417
2.659	8.295	5.678
2.803	9.08	4.682
2.631	8.62	6.921
1.823	8.243	7.329
3.431	9.669	7.552
2.441	10.741	8.118
1.772	11.566	6.925
1.423	10.111	9.002
4.594	9.403	8.426
4.514	8.473	9.287
5.673	10.109	8.225
5.543	10.873	7.625
6.998	9.762	8.761
7.031	9.536	10.258
7.934	9.986	10.911
6.157	8.753	10.879
5.276	8.555	10.497
6.488	8.172	12.125
6.705	6.647	11.966
5.886	5.951	12.473
7.628	6.095	11.188
8.55	6.427	11.211
7.437	4.861	10.481
7.771	4.267	9.112
7.065	5.114	8.038
9.293	4.246	8.893
7.807	3.925	11.538
8.489	2.949	11.246
7.506	4.234	12.799
6.837	4.949	12.857
7.893	3.458	13.985
7.774	4.717	14.923
8.714	4.49	16.203
8.256	5.952	14.251
7.155	2.261	14.615
5.974	2.284	14.801
7.91	1.297	14.873
-4.493	5.169	11.978
-2.876	5.848	11.977
-3.477	5.015	12.137
-3.327	4.68	13.11
-2.839	4.146	11.183
-3.311	4.528	9.863
-2.749	5.856	9.407
-3.07	6.865	10.028
-1.938	5.907	8.501
-1.385	4.211	11.524
-0.928	4.976	12.334
-0.621	3.261	11.001
-1.008	2.487	10.538
0.798	3.279	10.948
1.385	2.728	12.238
0.903	2.444	9.65
0.43	1.336	9.385
1.778	3.085	8.887
2.289	3.819	9.287
2.147	2.656	7.546
2.861	3.756	6.776
2.024	5.017	6.474
2.703	6.103	5.703
3.256	7.086	6.252
2.654	6.052	4.507
3.076	1.45	7.334
4.229	1.441	7.802
2.513	0.393	6.838
1.533	0.384	6.825
3.196	-0.711	6.244
2.146	-1.859	6.188
2.716	-3.293	5.944
2.094	-4.186	5.095
3.703	-3.644	6.752
2.56	-5.497	5.042
4.169	-4.966	6.727
3.529	-5.939	5.887
3.71	-0.498	4.854
2.989	-0.24	3.942
5.009	-0.629	4.711
5.363	-0.996	5.548
5.775	-0.262	3.572
6.988	0.538	4.13
6.918	1.845	4.967
6.063	2.884	4.274
5.857	4.07	5.096
6.284	4.231	5.963
5.184	5.146	4.684
5.088	5.402	3.434
5.58	4.885	2.734
4.641	6.242	3.127
4.675	6.032	5.543
4.749	5.81	6.514
4.154	6.865	5.356
6.159	-1.632	3.002
5.989	-2.704	3.56
6.556	-1.602	1.733
6.48	-0.729	1.294
7.138	-2.733	1.023
7.21	-2.406	-0.524
7.611	-3.554	-1.373
7.917	-4.779	-0.959
8.216	-5.372	-2.107
7.672	-3.334	-2.684
8.052	-4.495	-3.1
8.271	-4.741	-4.022
8.497	-3.259	1.538
9.54	-2.629	1.446
8.316	-4.557	1.924
7.405	-4.91	2.005
9.374	-5.464	2.342
8.76	-6.886	2.484
8.032	-7.352	1.197
6.876	-7.055	1.138
8.487	-8.007	0.34
10.659	-5.603	1.62
11.681	-6.037	2.129
10.545	-5.414	0.322
9.656	-5.275	-0.065
11.735	-5.365	-0.536
11.672	-6.637	-1.361
11.57	-7.769	-0.584
10.88	-7.837	0.079
11.762	-4.04	-1.283
11.482	-3.941	-2.522
12.136	-3.043	-0.46
12.417	-3.252	0.456
12.162	-1.627	-0.922
11.48	-0.727	0.019
10.407	-0.207	-0.259
12.11	-0.458	1.16
13.085	-0.552	1.13
11.441	0.131	2.316
12.303	0.027	3.571
12.293	-1.31	4.275
11.138	-1.848	4.826
11.25	-3.067	5.405
13.475	-1.983	4.173
13.543	-3.276	4.721
12.449	-3.771	5.429
12.595	-4.928	6.13
11.874	-4.988	6.76
10.92	1.574	2.062
10.013	2.075	2.722
11.444	2.295	1.021
12.262	1.99	0.576
10.871	3.536	0.564
11.938	4.181	-0.379
13.227	4.834	0.217
14.193	3.915	0.885
13.989	3.402	1.94
15.218	3.734	0.272
9.511	3.496	-0.095
8.884	4.521	-0.398
9.173	2.327	-0.66
9.745	1.54	-0.542
7.893	2.075	-1.36
7.934	0.993	-2.465
6.857	1.181	-3.433
9.327	0.886	-3.156
6.875	1.749	-0.257
7.172	1.187	0.789
5.628	2.191	-0.461
5.311	2.6	-1.293
4.686	2.035	0.655
3.79	3.272	0.688
2.625	3.315	1.613
1.796	2.341	1.79
0.832	2.846	2.505
2.201	4.454	2.215
1.084	4.079	2.78
0.583	4.703	3.348
3.841	0.841	0.359
3.185	0.671	-0.655
3.906	-0.175	1.203
4.142	0.162	2.093
3.207	-1.44	1.119
3.413	-2.059	2.562
2.933	-3.466	2.824
1.658	-3.798	2.926
1.695	-5.066	3.03
3.8	-4.514	2.872
2.991	-5.47	3.029
3.251	-6.411	3.111
1.693	-1.259	0.817
1.183	-1.964	-0.071
0.998	-0.346	1.482
1.458	0.328	2.026
-0.498	-0.246	1.432
-1.056	0.452	2.706
-0.572	0.105	4.113
-0.961	-1.302	4.478
-2.102	-1.676	4.753
-0.008	-2.206	4.435
0.898	-1.962	4.151
-0.214	-3.134	4.672
-1.08	0.315	0.083
-2.076	-0.178	-0.41
-0.254	1.229	-0.482
0.704	1.247	-0.275
-0.626	1.623	-1.854
0.019	2.888	-2.299
-0.501	4.23	-1.8
-0.804	5.078	-3.015
-1.322	6.547	-2.846
-2.076	6.762	-4.048
-1.489	6.556	-4.881
-2.476	7.723	-4.05
-2.82	6.036	-4.04
-0.338	0.495	-2.883
-1.03	0.409	-3.911
0.706	-0.269	-2.601
1.131	-0.037	-1.75
1.153	-1.358	-3.529
2.481	-1.98	-2.93
3.5	-2.753	-3.766
3.065	-4.156	-4.042
3.886	-1.983	-4.954
0.141	-2.515	-3.647
-0.156	-2.993	-4.77
-0.349	-2.995	-2.507
0.192	-2.807	-1.711
-1.365	-3.956	-2.519
-1.638	-4.748	-1.16
-0.308	-5.266	-0.648
-2.159	-4.048	0.027
-2.754	-3.481	-3.042
-3.533	-4.304	-3.559
-2.982	-2.141	-2.982
-2.363	-1.573	-2.477
-4.189	-1.604	-3.617
-4.632	-0.318	-2.836
-6.066	0.132	-3.07
-6.597	0.821	-2.044
-6.721	0.077	-4.249
-7.829	1.442	-2.084
-7.915	0.664	-4.338
-8.524	1.395	-3.303
-4.22	-1.413	-5.127
-5.03	-1.988	-5.855
-3.325	-0.568	-5.651
-2.696	0.003	-5.163
-3.17	-0.536	-7.063
-2.354	0.722	-7.452
-2.96	2.072	-6.98
-4.123	2.197	-6.21
-2.308	3.21	-7.323
-4.608	3.436	-5.901
-2.798	4.48	-6.995
-3.958	4.554	-6.354
-2.69	-1.805	-7.77
-3.544	-2.516	-8.309
-1.383	-2.092	-7.662
-0.928	-1.634	-6.925
-0.776	-3.169	-8.456
0.652	-3.13	-8.041
-1.301	-4.576	-8.346
-1.747	-5.173	-9.352
-1.653	-4.897	-7.092
-1.681	-4.214	-6.39
-2.117	-6.219	-6.798
-1.563	-6.646	-5.374
-0.038	-6.763	-5.394
0.552	-7.991	-6.131
0.278	-9.093	-5.659
1.247	-7.858	-7.186
-3.576	-6.522	-6.912
-4.069	-7.68	-7.036
-4.405	-5.499	-6.98
-4.085	-4.578	-7.075
-5.844	-5.636	-7.038
-6.54	-4.912	-5.951
-8.009	-5.098	-5.834
-8.765	-4.263	-6.382
-8.493	-6.086	-5.248
-6.285	-5.035	-8.382
-6.596	-5.757	-9.315
-6.246	-3.704	-8.529
-5.77	-3.132	-7.892
-6.762	-3.119	-9.782
-7.147	-1.591	-9.581
-7.476	-0.832	-10.932
-8.435	-1.513	-8.705
-5.845	-3.321	-10.987
-6.194	-3.923	-11.937
-4.645	-2.835	-10.706
-4.417	-2.331	-9.897
-3.532	-2.903	-11.715
-3.196	-1.636	-12.408
-2.164	-1.471	-13.004
-4.119	-0.635	-12.218
-4.918	-0.841	-11.69
-4.006	0.724	-12.785
-5.135	1.082	-13.851
-5.514	-0.095	-14.589
-6.328	0.053	-15.077
-4.112	1.69	-11.659
-4.614	1.402	-10.532
-3.495	2.838	-11.859
-2.835	3.019	-12.56
-3.612	3.99	-11.017
-2.585	5.105	-11.223
-2.586	6.121	-10.095
-2.689	7.293	-10.469
-2.518	5.891	-8.769
-2.442	4.954	-8.492
-2.632	6.637	-8.143
-4.956	4.533	-11.069
-5.573	4.896	-12.121
-5.549	4.48	-9.879
-4.97	4.129	-9.17
-6.934	4.841	-9.623
-7.543	4.065	-8.479
-7.767	2.576	-8.583
-7.392	1.87	-7.332
-6.712	2.704	-6.223
-7.785	3.259	-5.375
-8.376	3.95	-5.878
-7.36	3.666	-4.517
-8.353	2.414	-5.167
-7.141	6.302	-9.123
-6.404	6.687	-8.216
-7.969	7.095	-9.812
-8.314	6.751	-10.661
-8.207	8.424	-9.367
-9.198	8.505	-8.299
-10.425	8.824	-8.499
-8.711	8.209	-7.093
-7.746	8.147	-6.939
-9.513	7.933	-5.915
-10.305	6.644	-6.131
-8.559	7.707	-4.8
-7.321	7.849	-4.894
-9.229	7.492	-3.668
-10.187	7.305	-3.743
-8.462	7.327	-2.436
-9.258	7.745	-1.197
-9.771	9.147	-1.272
-10.467	6.979	-1.098
-10.962	6.748	0.299
-7.996	5.851	-2.262
-8.686	4.902	-2.678
-6.831	5.634	-1.601
-6.277	6.363	-1.25
-6.314	4.313	-1.361
-4.76	4.368	-1.293
-4.088	3.183	-0.604
-4.051	4.61	-2.651
-3.865	6.088	-3.011
-6.81	3.919	-0.016
-6.739	4.667	0.947
-7.381	2.701	0.051
-7.221	2.188	-0.769
-7.971	2.088	1.218
-6.756	1.386	1.855
-6.451	0.267	1.463
-6.191	2.035	2.917
-6.715	2.784	3.269
-4.978	1.458	3.473
-4.214	2.466	4.319
-3.393	3.644	3.762
-4.225	4.765	3.142
-2.528	4.131	4.973
-5.341	0.301	4.384
-6.432	0.253	4.958
-4.401	-0.62	4.486
-3.568	-0.596	3.971
-4.631	-1.835	5.261
-3.671	-2.899	4.715
-3.956	-4.326	5.276
-3.632	-4.622	7.029
-1.851	-4.843	6.942
-4.365	-1.5	6.724
-5.281	-1.697	7.518
-3.176	-0.983	7.109
-2.526	-0.956	6.375
-2.913	-0.481	8.481
-1.41	-0.816	8.9
-0.389	-0.748	7.807
-0.942	0.014	10.123
-3.178	1.013	8.502
-2.602	1.766	7.77
-4.117	1.374	9.371
-4.359	0.725	10.065
-4.646	2.722	9.418
-5.613	2.92	8.256
-5.405	3.678	7.337
-6.662	2.167	8.541
-6.889	1.72	9.383
-7.68	1.907	7.49
-8.353	0.598	7.862
-9.243	0.63	8.74
-8.036	-0.418	7.117
-7.42	-0.131	6.41
-8.625	-1.765	7.253
-8.183	-2.673	6.06
-8.264	-4.176	6.294
-8.944	-2.35	4.749
-8.323	-2.4	8.617
-9.189	-2.988	9.29
-7.026	-2.199	8.907
-6.43	-2.087	8.137
-6.505	-2.325	10.262
-4.943	-2.587	10.283
-4.491	-3.027	11.722
-4.591	-3.68	9.333
-6.947	-1.087	11.084
-7.957	-1.09	11.7
-6.33	-0.05	10.991
-3.982	4.527	12.904
-4.085	5.523	11.464
-3.477	5.015	12.137
-2.798	5.689	12.545
-2.839	4.146	11.183
-3.311	4.528	9.863
-2.749	5.856	9.407
-3.07	6.865	10.028
-1.938	5.907	8.501
-1.385	4.211	11.524
-0.928	4.976	12.334
-0.621	3.261	11.001
-1.008	2.487	10.538
0.798	3.279	10.948
1.385	2.728	12.238
0.903	2.444	9.65
0.43	1.336	9.385
1.778	3.085	8.887
2.289	3.819	9.287
2.147	2.656	7.546
2.861	3.756	6.776
2.024	5.017	6.474
2.703	6.103	5.703
3.256	7.086	6.252
2.654	6.052	4.507
3.076	1.45	7.334
4.229	1.441	7.802
2.513	0.393	6.838
1.533	0.384	6.825
3.196	-0.711	6.244
2.146	-1.859	6.188
2.716	-3.293	5.944
2.094	-4.186	5.095
3.703	-3.644	6.752
2.56	-5.497	5.042
4.169	-4.966	6.727
3.529	-5.939	5.887
3.71	-0.498	4.854
2.989	-0.24	3.942
5.009	-0.629	4.711
5.363	-0.996	5.548
5.775	-0.262	3.572
6.988	0.538	4.13
6.918	1.845	4.967
6.063	2.884	4.274
5.857	4.07	5.096
6.284	4.231	5.963
5.184	5.146	4.684
5.088	5.402	3.434
5.58	4.885	2.734
4.641	6.242	3.127
4.675	6.032	5.543
4.749	5.81	6.514
4.154	6.865	5.356
6.159	-1.632	3.002
5.989	-2.704	3.56
6.556	-1.602	1.733
6.48	-0.729	1.294
7.138	-2.733	1.023
7.21	-2.406	-0.524
7.985	-3.388	-1.32
8.824	-4.301	-0.843
9.278	-4.845	-1.964
7.859	-3.327	-2.644
8.682	-4.254	-3.002
8.927	-4.495	-3.919
8.497	-3.259	1.538
9.54	-2.629	1.446
8.316	-4.557	1.924
7.405	-4.91	2.005
9.374	-5.464	2.342
8.76	-6.886	2.484
7.478	-7.069	1.632
6.461	-6.771	2.183
7.419	-7.524	0.555
10.659	-5.603	1.62
11.681	-6.037	2.129
10.545	-5.414	0.322
9.656	-5.275	-0.065
11.735	-5.365	-0.536
11.672	-6.637	-1.361
11.57	-7.769	-0.584
10.88	-7.837	0.079
11.762	-4.04	-1.283
11.482	-3.941	-2.522
12.136	-3.043	-0.46
12.417	-3.252	0.456
12.162	-1.627	-0.922
11.48	-0.727	0.019
10.407	-0.207	-0.259
12.11	-0.458	1.16
13.085	-0.552	1.13
11.441	0.131	2.316
12.303	0.027	3.571
13.389	-1.023	3.546
13.658	-1.953	4.541
14.741	-2.744	4.359
14.064	-0.955	2.363
15.142	-1.838	2.171
15.538	-2.663	3.222
16.702	-3.357	3.103
16.967	-3.648	3.978
10.92	1.574	2.062
10.013	2.075	2.722
11.444	2.295	1.021
12.262	1.99	0.576
10.871	3.536	0.564
11.938	4.181	-0.379
13.397	4.423	0.128
14.311	3.245	0.119
14.218	2.336	0.882
15.172	3.286	-0.727
9.511	3.496	-0.095
8.884	4.521	-0.398
9.173	2.327	-0.66
9.745	1.54	-0.542
7.893	2.075	-1.36
7.934	0.993	-2.465
6.857	1.181	-3.433
9.327	0.886	-3.156
6.875	1.749	-0.257
7.172	1.187	0.789
5.628	2.191	-0.461
5.311	2.6	-1.293
4.686	2.035	0.655
3.79	3.272	0.688
2.916	3.519	1.867
1.689	3.117	1.84
1.149	3.615	2.915
3.175	4.277	2.961
2.029	4.272	3.589
1.943	4.704	4.466
3.841	0.841	0.359
3.185	0.671	-0.655
3.906	-0.175	1.203
4.142	0.162	2.093
3.207	-1.44	1.119
3.413	-2.059	2.562
2.933	-3.466	2.824
1.658	-3.798	2.926
1.695	-5.066	3.03
3.8	-4.514	2.872
2.991	-5.47	3.029
3.251	-6.411	3.111
1.693	-1.259	0.817
1.183	-1.964	-0.071
0.998	-0.346	1.482
1.458	0.328	2.026
-0.498	-0.246	1.432
-1.056	0.452	2.706
-0.572	0.105	4.113
-0.961	-1.302	4.478
-2.102	-1.676	4.753
-0.008	-2.206	4.435
0.898	-1.962	4.151
-0.214	-3.134	4.672
-1.08	0.315	0.083
-2.076	-0.178	-0.41
-0.254	1.229	-0.482
0.704	1.247	-0.275
-0.626	1.623	-1.854
0.019	2.888	-2.299
-0.501	4.23	-1.8
-0.804	5.078	-3.015
-1.322	6.547	-2.846
-2.076	6.762	-4.048
-1.489	6.556	-4.881
-2.476	7.723	-4.05
-2.82	6.036	-4.04
-0.338	0.495	-2.883
-1.03	0.409	-3.911
0.706	-0.269	-2.601
1.131	-0.037	-1.75
1.153	-1.358	-3.529
2.481	-1.98	-2.93
3.418	-2.888	-3.725
2.906	-4.288	-3.827
3.776	-2.268	-5.006
0.141	-2.515	-3.647
-0.156	-2.993	-4.77
-0.349	-2.995	-2.507
0.192	-2.807	-1.711
-1.365	-3.956	-2.519
-1.638	-4.748	-1.16
-0.308	-5.266	-0.648
-2.159	-4.048	0.027
-2.754	-3.481	-3.042
-3.533	-4.304	-3.559
-2.982	-2.141	-2.982
-2.363	-1.573	-2.477
-4.189	-1.604	-3.617
-4.632	-0.318	-2.836
-6.066	0.132	-3.07
-6.597	0.821	-2.044
-6.721	0.077	-4.249
-7.829	1.442	-2.084
-7.915	0.664	-4.338
-8.524	1.395	-3.303
-4.22	-1.413	-5.127
-5.03	-1.988	-5.855
-3.325	-0.568	-5.651
-2.696	0.003	-5.163
-3.17	-0.536	-7.063
-2.354	0.722	-7.452
-2.96	2.072	-6.98
-4.123	2.197	-6.21
-2.308	3.21	-7.323
-4.608	3.436	-5.901
-2.798	4.48	-6.995
-3.958	4.554	-6.354
-2.69	-1.805	-7.77
-3.544	-2.516	-8.309
-1.383	-2.092	-7.662
-0.928	-1.634	-6.925
-0.776	-3.169	-8.456
0.652	-3.13	-8.041
-1.301	-4.576	-8.346
-1.747	-5.173	-9.352
-1.653	-4.897	-7.092
-1.681	-4.214	-6.39
-2.117	-6.219	-6.798
-1.563	-6.646	-5.374
-1.001	-8.068	-5.411
-1.206	-8.859	-6.727
-2.37	-9.101	-7.041
-0.221	-9.201	-7.453
-3.576	-6.522	-6.912
-4.069	-7.68	-7.036
-4.405	-5.499	-6.98
-4.085	-4.578	-7.075
-5.844	-5.636	-7.038
-6.54	-4.912	-5.951
-8.023	-4.847	-6.01
-8.559	-3.841	-6.531
-8.73	-5.787	-5.599
-6.285	-5.035	-8.382
-6.596	-5.757	-9.315
-6.246	-3.704	-8.529
-5.77	-3.132	-7.892
-6.762	-3.119	-9.782
-7.147	-1.591	-9.581
-7.476	-0.832	-10.932
-8.435	-1.513	-8.705
-5.845	-3.321	-10.987
-6.194	-3.923	-11.937
-4.645	-2.835	-10.706
-4.417	-2.331	-9.897
-3.532	-2.903	-11.715
-3.196	-1.636	-12.408
-2.164	-1.471	-13.004
-4.119	-0.635	-12.218
-4.918	-0.841	-11.69
-4.006	0.724	-12.785
-5.135	1.082	-13.851
-5.514	-0.095	-14.589
-6.328	0.053	-15.077
-4.112	1.69	-11.659
-4.614	1.402	-10.532
-3.495	2.838	-11.859
-2.835	3.019	-12.56
-3.612	3.99	-11.017
-2.585	5.105	-11.223
-2.586	6.121	-10.095
-2.689	7.293	-10.469
-2.518	5.891	-8.769
-2.442	4.954	-8.492
-2.632	6.637	-8.143
-4.956	4.533	-11.069
-5.573	4.896	-12.121
-5.549	4.48	-9.879
-4.97	4.129	-9.17
-6.934	4.841	-9.623
-7.543	4.065	-8.479
-7.767	2.576	-8.583
-7.392	1.87	-7.332
-6.712	2.704	-6.223
-7.785	3.259	-5.375
-8.671	2.721	-5.446
-7.922	4.262	-5.617
-7.39	3.137	-4.422
-7.141	6.302	-9.123
-6.404	6.687	-8.216
-7.969	7.095	-9.812
-8.314	6.751	-10.661
-8.207	8.424	-9.367
-9.198	8.505	-8.299
-10.425	8.824	-8.499
-8.711	8.209	-7.093
-7.746	8.147	-6.939
-9.513	7.933	-5.915
-10.305	6.644	-6.131
-8.559	7.707	-4.8
-7.321	7.849	-4.894
-9.229	7.492	-3.668
-10.187	7.305	-3.743
-8.462	7.327	-2.436
-9.258	7.745	-1.197
-10.349	8.721	-1.5
-9.984	6.626	-0.668
-10.208	6.656	0.814
-7.996	5.851	-2.262
-8.686	4.902	-2.678
-6.831	5.634	-1.601
-6.277	6.363	-1.25
-6.314	4.313	-1.361
-4.76	4.368	-1.293
-4.088	3.183	-0.604
-4.051	4.61	-2.651
-3.865	6.088	-3.011
-6.81	3.919	-0.016
-6.739	4.667	0.947
-7.381	2.701	0.051
-7.221	2.188	-0.769
-7.971	2.088	1.218
-6.756	1.386	1.855
-6.451	0.267	1.463
-6.191	2.035	2.917
-6.715	2.784	3.269
-4.978	1.458	3.473
-4.214	2.466	4.319
-3.627	3.791	3.798
-4.665	4.851	3.437
-2.649	4.261	4.927
-5.341	0.301	4.384
-6.432	0.253	4.958
-4.401	-0.62	4.486
-3.568	-0.596	3.971
-4.631	-1.835	5.261
-3.671	-2.899	4.715
-3.956	-4.326	5.276
-3.632	-4.622	7.029
-1.851	-4.843	6.942
-4.365	-1.5	6.724
-5.281	-1.697	7.518
-3.176	-0.983	7.109
-2.526	-0.956	6.375
-2.913	-0.481	8.481
-1.41	-0.816	8.9
-0.389	-0.748	7.807
-0.942	0.014	10.123
-3.178	1.013	8.502
-2.602	1.766	7.77
-4.117	1.374	9.371
-4.359	0.725	10.065
-4.646	2.722	9.418
-5.613	2.92	8.256
-5.405	3.678	7.337
-6.662	2.167	8.541
-6.889	1.72	9.383
-7.68	1.907	7.49
-8.353	0.598	7.862
-9.243	0.63	8.74
-8.036	-0.418	7.117
-7.42	-0.131	6.41
-8.625	-1.765	7.253
-8.183	-2.673	6.06
-8.264	-4.176	6.294
-8.944	-2.35	4.749
-8.323	-2.4	8.617
-9.189	-2.988	9.29
-7.026	-2.199	8.907
-6.43	-2.087	8.137
-6.505	-2.325	10.262
-4.943	-2.587	10.283
-4.491	-3.027	11.722
-4.591	-3.68	9.333
-6.947	-1.087	11.084
-7.957	-1.09	11.7
-6.33	-0.05	10.991
10.468	-4.712	-7.761
10.5	-3.069	-7.378
9.889	-3.852	-7.687
9.416	-3.543	-8.559
8.753	-4.09	-6.833
8.997	-4.773	-5.515
7.791	-5.353	-4.68
7.095	-4.696	-3.918
7.613	-6.525	-4.828
7.97	-2.822	-6.437
8.579	-1.811	-6.114
6.617	-2.977	-6.327
6.284	-3.839	-6.654
5.727	-1.927	-5.853
4.348	-2.365	-6.35
5.525	-1.729	-4.391
4.383	-1.846	-3.808
6.496	-1.299	-3.604
7.142	-0.76	-4.108
6.557	-1.331	-2.122
7.779	-2.121	-1.722
7.563	-3.528	-2.187
8.568	-4.528	-1.627
8.204	-5.14	-0.659
9.56	-4.824	-2.28
6.686	0.09	-1.669
7.533	0.801	-2.062
5.646	0.599	-1.009
4.863	0.017	-0.914
5.52	1.941	-0.487
4.037	2.254	-0.553
3.522	2.412	-1.946
2.649	3.459	-2.344
3.962	1.55	-2.867
2.265	3.568	-3.628
3.46	1.614	-4.172
2.6	2.655	-4.562
5.989	1.913	0.949
5.337	1.403	1.889
7.17	2.42	1.218
7.673	2.963	0.577
7.705	2.433	2.599
9.185	1.916	2.416
9.075	0.466	2.007
10.3	-0.161	1.331
10.081	-1.562	1.376
9.493	-1.999	2.028
10.737	-2.423	0.634
11.614	-2.07	-0.341
11.867	-1.107	-0.439
12.147	-2.842	-0.688
10.599	-3.8	0.851
10.004	-4.277	1.497
11.081	-4.395	0.207
7.7	3.871	2.99
8.164	4.75	2.225
7.123	4.196	4.15
6.771	3.492	4.733
6.895	5.604	4.579
5.449	5.807	5.107
4.956	7.245	5.382
5.305	8.232	4.606
4.745	9.266	5.102
4.115	7.628	6.418
4.02	8.892	6.143
3.632	9.564	6.743
7.954	6.029	5.657
8.404	5.285	6.499
8.176	7.297	5.796
7.776	7.836	5.081
9.17	8.066	6.644
8.626	8.301	8.093
9.565	9.046	8.967
10.39	8.406	9.631
9.545	10.247	9.057
10.66	7.503	6.705
11.478	7.982	5.904
11.025	6.407	7.406
10.283	6.064	7.946
12.327	5.784	7.334
13.098	6.014	8.721
13.072	7.415	9.084
12.469	7.853	8.479
12.144	4.298	7.059
12.639	3.482	7.833
11.255	4.011	6.058
10.69	4.759	5.77
11.152	2.637	5.621
10.323	1.728	6.564
10.809	0.774	7.143
9.054	2.239	6.678
8.767	3.09	6.286
7.973	1.531	7.287
7.105	2.516	8.165
7.815	3.15	9.358
8.889	3.929	9.054
9.761	4.305	10.057
7.466	2.929	10.64
8.269	3.385	11.653
9.485	4.016	11.305
10.404	4.397	12.312
11.275	4.465	11.914
7.114	0.89	6.137
6.413	1.635	5.395
7.18	-0.402	6.019
7.695	-0.854	6.718
6.613	-1.174	4.937
7.341	-2.485	4.754
8.549	-2.227	3.895
9.462	-3.393	3.866
10.157	-3.624	4.868
9.593	-4.008	2.843
5.053	-1.407	4.888
4.558	-2.499	5.093
4.257	-0.379	4.648
4.708	0.488	4.594
2.871	-0.319	4.609
2.285	1.109	4.853
2.777	1.659	6.16
2.772	2.111	3.791
2.246	-1.031	3.409
1.131	-1.58	3.465
2.981	-1.267	2.328
3.932	-1.031	2.295
2.43	-1.926	1.178
3.287	-1.564	-0.026
4.689	-2.138	0.094
5.586	-1.564	0.906
6.658	-2.214	0.706
5.264	-3.164	-0.675
6.466	-3.112	-0.294
7.168	-3.497	-0.861
2.267	-3.433	1.357
1.278	-4.026	0.851
3.235	-3.966	2.078
3.98	-3.378	2.321
3.118	-5.362	2.546
4.476	-5.92	3.041
5.59	-5.915	1.911
5.362	-6.467	0.756
6.517	-6.418	0.118
6.839	-5.41	2.035
7.385	-5.728	0.883
8.296	-5.515	0.589
2.07	-5.628	3.559
1.511	-6.737	3.676
1.849	-4.617	4.387
2.634	-4.033	4.421
0.791	-4.736	5.397
0.852	-3.616	6.469
2.132	-3.578	7.347
1.765	-2.473	8.313
2.198	-2.481	9.485
0.959	-1.504	7.842
0.676	-1.455	6.905
0.547	-0.909	8.502
-0.601	-4.739	4.824
-1.339	-5.655	5.007
-0.986	-3.655	4.22
-0.327	-2.955	4.023
-2.324	-3.523	3.664
-3.184	-2.646	4.63
-4.64	-2.814	4.31
-5.34	-3.164	5.638
-5.926	-2.02	6.352
-6.645	-2.464	7.491
-7.114	-3.344	7.197
-7.297	-1.723	7.819
-6.048	-2.72	8.304
-2.437	-3.132	2.24
-2.972	-3.864	1.396
-1.921	-1.926	1.915
-1.388	-1.478	2.605
-2.199	-1.229	0.695
-1.439	0.078	0.642
-1.721	1	1.785
-0.653	2.002	1.728
-3.224	1.456	1.989
-2.27	-1.995	-0.666
-3.246	-2.343	-1.251
-1.118	-2.158	-1.241
-0.386	-1.874	-0.656
-0.83	-2.765	-2.559
0.627	-2.517	-3.119
0.815	-1.082	-3.276
1.767	-3.071	-2.261
-0.935	-4.339	-2.568
-1.176	-5.066	-3.547
-0.77	-4.855	-1.349
-0.507	-4.209	-0.662
-0.885	-6.317	-1.136
-0.227	-6.758	0.098
1.273	-7.033	-0.106
2.007	-6.375	-1.103
1.952	-7.923	0.792
3.352	-6.718	-1.279
3.291	-8.213	0.567
4.007	-7.631	-0.446
-2.294	-6.783	-1.145
-2.572	-7.895	-1.613
-3.208	-5.941	-0.702
-2.96	-5.115	-0.236
-4.592	-6.274	-0.726
-5.307	-5.781	0.573
-6.645	-6.438	0.779
-7.727	-5.708	1.258
-6.842	-7.743	0.437
-8.954	-6.241	1.435
-8.134	-8.274	0.574
-9.154	-7.541	1.159
-5.355	-5.825	-1.963
-5.372	-4.642	-2.397
-5.946	-6.853	-2.48
-5.853	-7.688	-1.977
-6.583	-6.661	-3.762
-6.887	-8.009	-4.419
-7.894	-5.941	-3.704
-8.776	-6.391	-2.96
-7.981	-4.761	-4.353
-7.122	-4.467	-4.721
-9.257	-4.084	-4.532
-9.074	-2.513	-4.836
-10.206	-1.485	-4.921
-11.613	-1.897	-4.667
-11.954	-1.991	-3.524
-12.302	-2.244	-5.615
-9.871	-4.671	-5.814
-9.255	-4.727	-6.863
-11.099	-5.242	-5.789
-11.666	-5.144	-4.995
-11.643	-5.87	-6.943
-12.74	-6.819	-6.526
-13.63	-7.322	-7.562
-13.186	-8.257	-8.274
-14.723	-6.841	-7.687
-12.24	-4.784	-7.845
-12.376	-5.003	-9.033
-12.508	-3.583	-7.243
-12.628	-3.468	-6.277
-12.886	-2.402	-8.046
-13.445	-1.311	-7.205
-13.94	-0.002	-8.045
-14.658	-1.758	-6.534
-11.795	-2.026	-9.053
-11.972	-1.988	-10.277
-10.62	-1.952	-8.37
-10.592	-2.105	-7.401
-9.35	-1.656	-9.045
-9.029	-2.715	-10.067
-8.815	-2.495	-11.284
-9.191	-3.959	-9.621
-9.617	-4.093	-8.748
-8.832	-5.124	-10.42
-9.053	-6.374	-9.712
-8.313	-6.407	-8.445
-8.721	-5.83	-7.796
-9.6	-5.344	-11.68
-9.137	-5.936	-12.652
-10.806	-4.789	-11.856
-11.385	-4.483	-11.127
-11.525	-4.845	-13.162
-13.13	-4.662	-12.897
-13.988	-4.834	-14.188
-14.43	-3.859	-14.84
-14.288	-6.046	-14.516
-13.973	-6.834	-14.027
-14.917	-6.116	-15.265
-11.042	-3.74	-14.071
-11.316	-3.897	-15.3
-10.418	-2.7	-13.582
-10.348	-2.647	-12.606
-9.962	-1.55	-14.358
-10.207	-0.311	-13.433
-11.7	0.031	-13.122
-12.023	0.501	-11.75
-13.359	1.131	-11.742
-13.606	1.91	-10.568
-13.481	1.325	-9.716
-14.61	2.183	-10.558
-13.047	2.787	-10.557
-8.48	-1.715	-14.732
-8.06	-0.901	-15.553
-7.752	-2.63	-14.111
-8.122	-3.278	-13.476
-6.322	-2.814	-14.303
-5.721	-2.625	-12.938
-5.984	-3.396	-12.013
-4.92	-1.584	-12.94
-4.884	-1.052	-13.762
-4.11	-1.211	-11.715
-2.862	-0.499	-12.098
-4.782	-0.485	-10.582
-5.625	0.426	-10.85
-4.397	-0.905	-9.339
-3.72	-1.598	-9.184
-5.006	-0.443	-8.132
-6.151	-1.474	-7.536
-5.438	-2.781	-7.183
-6.87	-0.939	-6.363
-7.72	0.342	-6.656
-3.978	-0.045	-7.075
-2.908	-0.727	-7.054
-4.154	1.114	-6.426
-4.939	1.62	-6.72
-3.262	1.55	-5.344
-2.924	2.99	-5.551
-2.476	3.864	-4.262
-2.031	3.111	-6.683
-1.879	4.446	-7.361
-4.023	1.381	-4.098
-5.205	1.586	-4.06
-3.329	0.91	-3.093
-2.352	0.825	-3.079
-3.951	0.77	-1.787
-3.397	1.922	-0.947
-2.485	1.666	-0.183
-3.928	3.128	-1.093
-4.71	3.223	-1.677
-3.465	4.277	-0.342
-3.669	5.663	-0.873
-3.284	6.917	-0.052
-1.793	7.231	-0.052
-3.978	8.18	-0.706
-4.348	3.957	0.879
-5.539	3.647	0.832
-3.634	3.901	2.005
-2.789	3.417	1.895
-4.123	4.166	3.327
-3.314	3.368	4.436
-1.739	3.536	4.421
-0.98	2.889	5.913
0.2	1.963	4.967
-4.206	5.664	3.741
-3.726	6.389	2.905
-4.935	5.971	4.785
-5.643	5.318	4.968
-4.959	7.224	5.546
-6.504	6.984	5.899
-7.167	8.13	6.538
-7.198	6.546	4.668
-4.222	7.523	6.767
-4.503	7.031	7.87
-3.041	8.103	6.523
-2.715	8.087	5.6
-2.107	8.56	7.558
-1.573	7.523	8.517
-1.212	6.41	8.142
-1.438	7.907	9.79
-2.017	8.65	10.063
-0.774	7.152	10.845
-1.725	6.765	12.025
-1.198	6.654	13.051
-2.954	6.336	11.803
-3.228	5.975	10.934
-3.937	6.31	12.902
-5.362	6.639	12.422
-5.437	8.196	12.207
-6.013	5.899	11.225
-3.908	4.982	13.682
-3.236	3.995	13.267
-4.389	4.964	14.951
-4.206	5.732	15.531
-4.947	3.86	15.636
-4.079	2.937	16.532
-4.187	1.549	15.967
-2.601	3.39	16.689
-5.87	4.683	16.554
-5.435	5.277	17.51
-7.084	4.788	16.247
10.433	-4.729	-7.812
10.533	-3.11	-7.345
9.889	-3.852	-7.687
9.42	-3.48	-8.536
8.753	-4.09	-6.833
8.997	-4.773	-5.515
7.791	-5.353	-4.68
7.095	-4.696	-3.918
7.613	-6.525	-4.828
7.97	-2.822	-6.437
8.579	-1.811	-6.114
6.617	-2.977	-6.327
6.284	-3.839	-6.654
5.727	-1.927	-5.853
4.348	-2.365	-6.35
5.525	-1.729	-4.391
4.383	-1.846	-3.808
6.496	-1.299	-3.604
7.142	-0.76	-4.108
6.557	-1.331	-2.122
7.779	-2.121	-1.722
7.563	-3.528	-2.187
8.568	-4.528	-1.627
8.204	-5.14	-0.659
9.56	-4.824	-2.28
6.686	0.09	-1.669
7.533	0.801	-2.062
5.646	0.599	-1.009
4.863	0.017	-0.914
5.52	1.941	-0.487
4.037	2.254	-0.553
3.411	1.901	-1.862
2.962	2.864	-2.805
3.33	0.604	-2.172
2.453	2.469	-3.985
2.693	0.213	-3.356
2.255	1.17	-4.287
5.989	1.913	0.949
5.337	1.403	1.889
7.17	2.42	1.218
7.673	2.963	0.577
7.705	2.433	2.599
9.185	1.916	2.416
9.075	0.466	2.007
10.3	-0.161	1.331
10.081	-1.562	1.376
9.493	-1.999	2.028
10.737	-2.423	0.634
11.614	-2.07	-0.341
11.867	-1.107	-0.439
12.147	-2.842	-0.688
10.599	-3.8	0.851
10.004	-4.277	1.497
11.081	-4.395	0.207
7.7	3.871	2.99
8.164	4.75	2.225
7.123	4.196	4.15
6.771	3.492	4.733
6.895	5.604	4.579
5.449	5.807	5.107
5.056	7.187	5.679
5.741	8.262	5.406
5.135	9.21	6.009
3.942	7.429	6.472
4.061	8.714	6.6
3.548	9.259	7.233
7.954	6.029	5.657
8.404	5.285	6.499
8.176	7.297	5.796
7.776	7.836	5.081
9.17	8.066	6.644
8.626	8.301	8.093
9.689	8.579	9.089
10.204	7.626	9.688
10.06	9.697	9.34
10.66	7.503	6.705
11.478	7.982	5.904
11.025	6.407	7.406
10.283	6.064	7.946
12.327	5.784	7.334
13.098	6.014	8.721
13.072	7.415	9.084
12.469	7.853	8.479
12.144	4.298	7.059
12.639	3.482	7.833
11.255	4.011	6.058
10.69	4.759	5.77
11.152	2.637	5.621
10.323	1.728	6.564
10.809	0.774	7.143
9.054	2.239	6.678
8.767	3.09	6.286
7.973	1.531	7.287
7.105	2.516	8.165
7.779	3.062	9.421
9.109	3.323	9.296
9.864	3.561	10.428
7.148	3.251	10.596
7.87	3.588	11.711
9.278	3.655	11.596
10.076	3.88	12.743
10.959	3.548	12.565
7.114	0.89	6.137
6.413	1.635	5.395
7.18	-0.402	6.019
7.695	-0.854	6.718
6.613	-1.174	4.937
7.341	-2.485	4.754
8.549	-2.227	3.895
9.462	-3.393	3.866
10.157	-3.624	4.868
9.593	-4.008	2.843
5.053	-1.407	4.888
4.558	-2.499	5.093
4.257	-0.379	4.648
4.708	0.488	4.594
2.871	-0.319	4.609
2.285	1.109	4.853
2.777	1.659	6.16
2.772	2.111	3.791
2.246	-1.031	3.409
1.131	-1.58	3.465
2.981	-1.267	2.328
3.932	-1.031	2.295
2.43	-1.926	1.178
3.287	-1.564	-0.026
4.689	-2.138	0.094
5.586	-1.564	0.906
6.658	-2.214	0.706
5.264	-3.164	-0.675
6.466	-3.112	-0.294
7.168	-3.497	-0.861
2.267	-3.433	1.357
1.278	-4.026	0.851
3.235	-3.966	2.078
3.98	-3.378	2.321
3.118	-5.362	2.546
4.476	-5.92	3.041
5.59	-5.915	1.911
5.362	-6.467	0.756
6.517	-6.418	0.118
6.839	-5.41	2.035
7.385	-5.728	0.883
8.296	-5.515	0.589
2.07	-5.628	3.559
1.511	-6.737	3.676
1.849	-4.617	4.387
2.634	-4.033	4.421
0.791	-4.736	5.397
0.852	-3.616	6.469
1.695	-3.926	7.736
0.704	-3.557	8.817
0.665	-4.194	9.891
-0.115	-2.521	8.557
-0.04	-1.974	7.747
-0.888	-2.407	9.147
-0.601	-4.739	4.824
-1.339	-5.655	5.007
-0.986	-3.655	4.22
-0.327	-2.955	4.023
-2.324	-3.523	3.664
-3.184	-2.646	4.63
-4.521	-2.367	4.01
-5.462	-1.97	5.165
-5.027	-0.803	5.947
-5.289	-1.008	7.326
-6.166	-1.565	7.362
-5.343	-0.096	7.823
-4.572	-1.577	7.821
-2.437	-3.132	2.24
-2.972	-3.864	1.396
-1.921	-1.926	1.915
-1.388	-1.478	2.605
-2.199	-1.229	0.695
-1.439	0.078	0.642
-1.721	1	1.785
-0.653	2.002	1.728
-3.224	1.456	1.989
-2.27	-1.995	-0.666
-3.246	-2.343	-1.251
-1.118	-2.158	-1.241
-0.386	-1.874	-0.656
-0.83	-2.765	-2.559
0.627	-2.517	-3.119
0.815	-1.082	-3.276
1.767	-3.071	-2.261
-0.935	-4.339	-2.568
-1.176	-5.066	-3.547
-0.77	-4.855	-1.349
-0.507	-4.209	-0.662
-0.885	-6.317	-1.136
-0.227	-6.758	0.098
1.273	-7.033	-0.106
2.007	-6.375	-1.103
1.952	-7.923	0.792
3.352	-6.718	-1.279
3.291	-8.213	0.567
4.007	-7.631	-0.446
-2.294	-6.783	-1.145
-2.572	-7.895	-1.613
-3.208	-5.941	-0.702
-2.96	-5.115	-0.236
-4.592	-6.274	-0.726
-5.307	-5.781	0.573
-6.801	-5.704	0.414
-7.494	-4.506	0.554
-7.498	-6.819	0.053
-8.829	-4.405	0.386
-8.877	-6.692	-0.172
-9.542	-5.504	0.087
-5.355	-5.825	-1.963
-5.372	-4.642	-2.397
-5.946	-6.853	-2.48
-5.853	-7.688	-1.977
-6.583	-6.661	-3.762
-6.887	-8.009	-4.419
-7.894	-5.941	-3.704
-8.776	-6.391	-2.96
-7.981	-4.761	-4.353
-7.122	-4.467	-4.721
-9.257	-4.084	-4.532
-9.074	-2.513	-4.836
-10.206	-1.485	-4.921
-11.613	-1.897	-4.667
-11.954	-1.991	-3.524
-12.302	-2.244	-5.615
-9.871	-4.671	-5.814
-9.255	-4.727	-6.863
-11.099	-5.242	-5.789
-11.666	-5.144	-4.995
-11.643	-5.87	-6.943
-12.74	-6.819	-6.526
-13.982	-6.792	-7.284
-13.976	-7.393	-8.387
-14.937	-6.219	-6.834
-12.24	-4.784	-7.845
-12.376	-5.003	-9.033
-12.508	-3.583	-7.243
-12.628	-3.468	-6.277
-12.886	-2.402	-8.046
-13.445	-1.311	-7.205
-13.94	-0.002	-8.045
-14.658	-1.758	-6.534
-11.795	-2.026	-9.053
-11.972	-1.988	-10.277
-10.62	-1.952	-8.37
-10.592	-2.105	-7.401
-9.35	-1.656	-9.045
-9.029	-2.715	-10.067
-8.815	-2.495	-11.284
-9.191	-3.959	-9.621
-9.617	-4.093	-8.748
-8.832	-5.124	-10.42
-9.053	-6.374	-9.712
-8.313	-6.407	-8.445
-8.721	-5.83	-7.796
-9.6	-5.344	-11.68
-9.137	-5.936	-12.652
-10.806	-4.789	-11.856
-11.385	-4.483	-11.127
-11.525	-4.845	-13.162
-13.13	-4.662	-12.897
-13.986	-5.818	-13.498
-13.719	-6.393	-14.58
-15.017	-6.16	-12.8
-15.267	-5.73	-11.956
-15.575	-6.85	-13.217
-11.042	-3.74	-14.071
-11.316	-3.897	-15.3
-10.418	-2.7	-13.582
-10.348	-2.647	-12.606
-9.962	-1.55	-14.358
-10.207	-0.311	-13.433
-11.465	0.556	-13.763
-11.804	1.655	-12.822
-13.261	1.665	-12.574
-13.824	2.979	-12.59
-13.239	3.628	-12.024
-14.741	2.952	-12.099
-14.003	3.316	-13.558
-8.48	-1.715	-14.732
-8.06	-0.901	-15.553
-7.752	-2.63	-14.111
-8.122	-3.278	-13.476
-6.322	-2.814	-14.303
-5.721	-2.625	-12.938
-5.984	-3.396	-12.013
-4.92	-1.584	-12.94
-4.884	-1.052	-13.762
-4.11	-1.211	-11.715
-2.862	-0.499	-12.098
-4.782	-0.485	-10.582
-5.625	0.426	-10.85
-4.397	-0.905	-9.339
-3.72	-1.598	-9.184
-5.006	-0.443	-8.132
-6.151	-1.474	-7.536
-5.546	-2.879	-7.56
-6.605	-1.125	-6.175
-7.338	0.254	-6.073
-3.978	-0.045	-7.075
-2.908	-0.727	-7.054
-4.154	1.114	-6.426
-4.939	1.62	-6.72
-3.262	1.55	-5.344
-2.924	2.99	-5.551
-1.581	3.569	-4.853
-3.04	3.308	-6.958
-3.173	4.747	-7.378
-4.023	1.381	-4.098
-5.205	1.586	-4.06
-3.329	0.91	-3.093
-2.352	0.825	-3.079
-3.951	0.77	-1.787
-3.397	1.922	-0.947
-2.485	1.666	-0.183
-3.928	3.128	-1.093
-4.71	3.223	-1.677
-3.465	4.277	-0.342
-3.669	5.663	-0.873
-4.027	6.849	0.055
-2.844	7.415	0.831
-4.554	8.045	-0.837
-4.348	3.957	0.879
-5.539	3.647	0.832
-3.634	3.901	2.005
-2.789	3.417	1.895
-4.123	4.166	3.327
-3.314	3.368	4.436
-1.739	3.536	4.421
-0.98	2.889	5.913
0.2	1.963	4.967
-4.206	5.664	3.741
-3.14	6.202	3.912
-5.401	6.196	3.665
-5.677	6.02	2.741
-6.231	7.108	4.456
-6.868	7.702	3.11
-7.699	8.898	3.307
-5.773	7.93	2.141
-7.299	6.745	5.38
-8.266	7.401	5.794
-7.155	5.44	5.64
-6.789	4.9	4.911
-7.736	4.723	6.781
-9.237	4.774	6.941
-9.982	4.73	5.965
-9.719	4.753	8.187
-9.113	5.109	8.871
-11.114	4.561	8.563
-11.726	5.781	9.326
-12.241	5.486	10.322
-11.889	6.963	8.761
-11.466	7.178	7.903
-12.582	8.049	9.479
-12.187	9.443	9.999
-11.556	9.25	11.427
-11.322	10.415	9.156
-13.693	8.148	8.417
-13.538	8.362	7.181
-14.923	7.802	8.876
-15.107	6.871	9.121
-16.09	8.58	8.697
-16.965	8.45	7.423
-16.996	9.803	6.771
-16.513	7.338	6.436
-16.874	7.976	9.877
-17.382	6.884	9.799
-16.916	8.613	10.959
